P3
36 36
255
115
29
7
116
31
8
107
19
0
107
24
2
108
23
4
117
36
16
103
22
2
95
13
0
101
23
3
95
18
0
94
18
0
102
28
11
89
16
0
89
18
0
87
17
0
89
23
3
82
14
0
97
97
97
120
34
13
109
22
0
108
21
0
110
27
6
102
16
0
107
25
4
102
20
0
97
17
0
98
20
0
96
19
0
97
21
3
95
21
1
87
14
0
89
18
0
85
13
0
91
25
6
81
12
0
98
98
98
118
32
11
107
15
0
116
31
11
105
23
0
104
20
0
104
23
3
103
26
4
102
26
6
97
17
0
91
11
0
91
16
0
93
20
0
83
6
0
81
8
0
88
18
0
86
16
0
77
7
0
96
96
96
118
32
11
110
19
0
111
26
4
108
26
4
104
20
0
104
23
3
101
23
2
98
20
0
88
5
0
96
18
0
93
18
0
95
22
3
89
15
0
87
17
0
89
19
0
88
19
0
81
12
0
98
98
98
116
30
10
112
27
6
106
20
0
112
29
10
104
21
0
105
23
4
104
25
7
96
16
0
101
26
7
94
18
0
93
20
0
87
12
0
90
19
0
86
14
0
78
7
0
83
13
0
81
15
0
104
104
104
119
33
13
112
27
6
113
28
8
113
30
11
112
30
10
104
21
3
102
23
4
95
15
0
92
14
0
94
18
0
91
17
0
92
18
0
86
13
0
86
14
0
83
13
0
87
19
1
78
12
0
96
96
96
117
31
11
107
19
0
112
29
10
108
25
3
100
19
0
101
21
0
96
15
0
100
22
3
97
20
0
97
21
1
91
17
0
86
14
0
89
19
0
85
14
0
83
15
0
79
7
0
72
5
0
96
96
96
112
25
4
117
32
12
104
20
0
104
20
0
106
26
4
103
23
3
98
18
0
98
20
0
101
26
6
100
25
6
93
20
0
88
16
0
88
18
0
85
14
0
81
12
0
79
7
0
81
17
0
106
106
106
112
25
4
106
22
0
106
21
2
94
7
0
103
23
0
98
18
0
97
19
0
99
22
3
91
13
0
92
17
0
85
10
0
88
15
0
86
14
0
85
16
0
82
12
0
79
10
0
79
14
0
81
81
81
112
25
4
112
29
7
105
20
0
98
14
0
100
19
0
99
20
0
90
10
0
100
25
6
94
17
0
92
17
0
91
17
0
92
20
0
87
17
0
78
7
0
81
11
0
79
10
0
82
18
0
87
87
87
107
22
0
111
27
7
105
21
0
106
24
4
104
25
4
97
17
0
95
16
0
94
15
0
95
21
0
89
15
0
86
12
0
86
15
0
82
9
0
81
8
0
88
22
3
82
15
0
77
10
0
87
87
87
109
25
0
113
29
10
108
25
4
104
21
2
106
28
7
105
26
8
93
14
0
97
19
0
97
23
3
89
15
0
89
16
0
90
20
0
86
15
0
86
15
0
86
18
0
80
13
0
76
9
0
88
88
88
110
26
6
106
22
0
110
28
10
105
25
4
100
21
0
101
22
2
95
16
0
94
18
0
93
20
0
86
12
0
93
21
3
92
21
3
86
16
0
84
16
0
78
10
0
79
11
0
76
11
0
88
88
88
112
28
8
105
21
0
106
24
4
104
24
3
96
15
0
105
26
7
97
19
0
89
12
0
99
26
7
90
17
0
90
17
0
86
14
0
86
16
0
80
11
0
78
10
0
83
16
0
74
8
0
95
95
95
112
28
8
107
24
3
105
24
4
106
26
7
97
17
0
101
26
6
100
25
6
96
20
1
87
11
0
86
12
0
88
16
0
89
20
1
83
12
0
81
14
0
81
14
0
77
12
0
81
18
0
89
89
89
112
28
8
105
21
0
99
17
0
106
26
7
99
20
0
94
17
0
91
13
0
94
18
0
87
11
0
90
17
0
83
9
0
85
14
0
83
12
0
79
11
0
75
5
0
76
11
0
78
14
0
83
83
83
99
99
99
101
101
101
98
98
98
95
95
95
99
99
99
98
98
98
101
101
101
97
97
97
98
98
98
84
84
84
87
87
87
89
89
89
91
91
91
89
89
89
92
92
92
90
90
90
88
88
88
90
90
90
98
98
98
97
97
97
97
97
97
99
99
99
101
101
101
95
95
95
100
100
100
101
101
101
97
97
97
85
85
85
87
87
87
88
88
88
87
87
87
90
90
90
90
90
90
90
90
90
88
88
88
90
90
90
99
22
1
96
20
1
97
23
4
87
14
0
92
21
3
82
9
0
90
24
4
80
11
0
95
95
95
118
32
11
112
25
2
110
23
3
110
27
6
108
23
4
108
26
6
102
20
0
100
21
0
97
17
0
96
19
0
93
17
0
93
18
0
87
14
0
92
21
3
88
18
0
90
24
4
80
11
0
97
97
97
119
33
12
114
29
6
111
24
4
108
25
3
108
23
4
110
28
8
98
15
0
93
11
0
99
21
0
97
19
0
98
24
4
94
21
1
87
12
0
83
10
0
92
22
4
86
16
0
82
14
0
101
101
101
120
34
13
113
24
4
110
24
3
109
27
6
103
19
0
108
27
8
107
30
10
98
21
0
95
15
0
99
22
4
101
27
8
91
17
0
86
11
0
87
17
0
85
13
0
83
12
0
82
14
0
98
98
98
116
30
8
113
24
4
111
26
4
106
24
2
104
20
0
100
18
0
102
24
3
102
26
6
98
20
0
92
16
0
83
6
0
86
11
0
84
10
0
91
21
1
80
10
0
81
11
0
85
20
0
97
97
97
114
27
7
113
28
7
110
24
4
107
24
3
106
24
2
102
19
0
103
24
6
94
14
0
97
20
0
92
16
0
91
17
0
89
15
0
86
14
0
89
19
0
87
19
0
84
15
0
86
21
1
98
98
98
115
29
8
112
27
6
114
29
10
108
25
4
101
18
0
100
16
0
103
24
6
96
16
0
96
19
0
97
21
1
91
17
0
86
14
0
91
21
0
83
12
0
84
16
0
79
7
0
82
18
0
94
94
94
111
23
2
114
28
7
105
21
0
105
21
0
103
23
0
100
19
0
99
20
0
94
14
0
97
20
0
97
21
1
91
17
0
91
20
0
87
17
0
82
11
0
87
19
0
86
16
0
81
17
0
96
96
96
111
23
2
113
26
6
105
21
0
103
19
0
104
24
2
100
19
0
99
20
0
98
20
0
98
21
0
93
18
0
86
11
0
91
19
0
86
14
0
84
15
0
86
17
0
80
11
0
76
9
0
87
87
87
110
23
2
101
16
0
105
20
0
96
11
0
103
23
0
101
22
0
93
14
0
97
20
0
90
11
0
90
15
0
85
8
0
86
12
0
85
13
0
82
12
0
82
12
0
81
12
0
79
14
0
85
85
85
112
25
4
111
28
6
112
28
10
99
15
0
101
21
0
103
24
3
95
16
0
100
25
6
94
17
0
89
15
0
89
16
0
86
14
0
79
5
0
81
8
0
86
18
0
81
14
0
78
12
0
96
96
96
103
17
0
109
25
4
102
18
0
109
27
8
105
26
6
104
25
7
91
11
0
97
19
0
87
11
0
89
15
0
86
12
0
87
17
0
87
17
0
81
8
0
88
22
3
76
8
0
78
12
0
89
89
89
101
15
0
113
29
10
107
24
3
101
18
0
103
24
3
105
26
8
97
19
0
96
18
0
92
17
0
92
20
0
94
22
4
86
13
0
90
21
3
86
18
0
80
13
0
76
8
0
76
11
0
94
94
94
114
30
11
106
22
0
109
27
8
100
19
0
93
11
0
101
22
2
97
19
0
95
19
0
94
21
0
92
20
0
94
22
4
84
10
0
88
19
0
79
10
0
80
13
0
78
10
0
77
13
0
90
90
90
115
31
12
105
21
0
109
27
8
106
26
6
96
15
0
105
26
7
92
12
0
91
14
0
93
20
0
85
11
0
86
14
0
86
17
0
80
8
0
75
5
0
77
9
0
76
11
0
79
16
0
92
92
92
106
21
0
109
26
6
99
17
0
105
25
6
101
22
3
95
18
0
96
19
0
95
19
0
90
15
0
85
11
0
89
18
0
83
12
0
84
13
0
76
8
0
79
11
0
79
14
0
81
18
0
89
89
89
109
25
4
106
22
2
98
15
0
110
31
12
97
17
0
99
24
3
96
19
0
93
17
0
87
11
0
89
89
89
89
89
89
87
87
87
91
91
91
87
87
87
91
91
91
89
89
89
86
86
86
87
87
87
104
104
104
102
102
102
97
97
97
95
95
95
96
96
96
96
96
96
96
96
96
97
97
97
105
105
105
94
94
94
91
91
91
87
87
87
86
86
86
90
90
90
84
84
84
91
91
91
89
89
89
86
86
86
104
104
104
103
103
103
99
99
99
99
99
99
94
94
94
98
98
98
96
96
96
96
96
96
107
107
107
121
35
14
111
24
0
112
25
6
110
27
6
109
25
6
105
23
2
104
23
3
102
23
2
98
19
0
96
19
0
99
24
6
97
23
4
88
15
0
92
21
3
85
13
0
91
25
6
78
9
0
99
99
99
116
30
8
111
24
0
108
21
0
110
27
6
106
21
2
106
24
3
102
20
0
100
21
0
98
19
0
94
17
0
96
20
1
91
16
0
87
14
0
93
22
4
86
14
0
87
21
0
77
7
0
100
100
100
119
33
12
109
17
0
109
23
2
108
26
4
104
20
0
104
23
3
100
22
0
98
20
0
94
14
0
95
16
0
94
19
0
96
23
4
83
6
0
82
9
0
92
22
4
86
17
0
84
16
0
104
104
104
113
26
4
109
17
0
111
26
4
106
24
2
104
20
0
104
23
3
107
30
10
105
29
10
94
14
0
96
18
0
85
8
0
89
15
0
87
12
0
86
14
0
85
13
0
86
16
0
83
15
0
96
96
96
119
33
13
110
24
3
108
22
2
116
33
14
103
20
0
100
16
0
97
17
0
96
16
0
95
18
0
93
17
0
95
22
1
90
16
0
91
20
1
83
10
0
79
8
0
87
19
1
82
16
0
97
97
97
117
31
11
117
33
13
107
21
0
110
27
7
108
26
4
102
19
0
104
25
7
96
16
0
98
21
1
94
18
0
94
21
0
85
10
0
84
10
0
86
14
0
85
16
0
83
13
0
80
14
0
104
104
104
109
20
0
112
25
4
107
24
3
105
21
0
103
23
0
97
16
0
98
18
0
96
16
0
97
20
0
97
21
1
93
20
0
92
21
0
84
12
0
79
7
0
87
21
0
77
4
0
75
8
0
97
97
97
110
22
0
113
26
6
106
22
2
104
20
0
105
25
3
100
19
0
102
23
4
98
20
0
97
20
0
101
26
7
92
18
0
88
16
0
86
15
0
84
13
0
79
10
0
76
3
0
80
15
0
96
96
96
115
30
10
108
25
2
108
23
4
101
18
0
103
23
0
98
18
0
94
15
0
95
18
0
95
18
0
94
19
0
91
17
0
89
16
0
82
9
0
82
12
0
81
11
0
81
12
0
75
8
0
93
93
93
112
25
4
107
24
0
111
27
8
103
20
0
104
24
2
105
26
6
94
15
0
94
17
0
90
11
0
90
15
0
85
8
0
85
11
0
91
21
3
81
11
0
80
10
0
81
12
0
79
14
0
90
90
90
106
21
0
114
30
11
106
22
2
104
21
2
106
28
7
94
12
0
102
26
7
99
22
4
92
17
0
93
20
0
87
14
0
88
18
0
79
5
0
85
13
0
85
17
0
79
11
0
76
9
0
87
87
87
106
21
0
112
28
8
104
20
0
104
21
2
105
26
6
94
12
0
93
14
0
95
16
0
94
19
0
89
15
0
88
15
0
82
9
0
85
13
0
81
8
0
78
9
0
82
15
0
75
7
0
94
94
94
109
25
4
102
18
0
112
30
12
104
24
3
96
15
0
108
30
11
94
15
0
97
21
1
92
18
0
89
16
0
92
20
1
84
10
0
86
17
0
78
9
0
80
13
0
78
10
0
71
5
0
85
85
85
111
27
7
103
19
0
108
26
7
104
24
3
94
12
0
109
31
12
98
21
1
93
17
0
96
23
3
88
15
0
90
17
0
83
9
0
89
20
1
81
12
0
77
9
0
76
8
0
76
12
0
95
95
95
110
26
6
105
21
0
99
17
0
110
31
12
96
15
0
103
28
8
99
22
3
100
25
7
90
15
0
85
11
0
87
15
0
80
8
0
86
16
0
79
11
0
76
8
0
76
11
0
81
18
0
87
87
87
109
25
4
109
26
6
101
19
0
101
21
0
99
20
0
96
19
0
95
18
0
95
19
0
88
12
0
90
17
0
94
23
4
85
14
0
80
8
0
81
14
0
75
5
0
74
7
0
85
22
4
87
87
87
98
98
98
98
98
98
99
99
99
97
97
97
103
103
103
99
99
99
101
101
101
97
97
97
99
99
99
90
90
90
90
90
90
89
89
89
89
89
89
87
87
87
89
89
89
91
91
91
92
92
92
91
91
91
95
95
95
99
99
99
98
98
98
99
99
99
100
100
100
99
99
99
99
99
99
96
96
96
91
91
91
89
89
89
82
82
82
86
86
86
87
87
87
89
89
89
85
85
85
90
90
90
89
89
89
93
93
93
91
13
0
100
25
7
91
16
0
93
21
0
97
26
10
83
10
0
86
18
0
85
17
0
96
96
96
123
37
16
113
26
3
112
25
6
113
30
10
107
22
3
110
28
8
102
20
0
97
16
0
99
21
0
97
20
0
100
25
7
94
19
0
87
14
0
92
21
3
87
17
0
82
14
0
72
1
0
95
95
95
117
31
9
111
24
0
114
28
8
104
20
0
102
16
0
108
26
6
107
26
7
102
23
2
101
23
3
94
15
0
100
26
7
91
17
0
88
14
0
87
17
0
81
8
0
86
17
0
83
15
0
100
100
100
115
29
7
113
24
4
111
26
4
106
24
2
99
14
0
101
19
0
102
24
3
103
27
7
99
21
2
93
14
0
94
19
0
91
17
0
88
14
0
88
18
0
91
21
3
86
17
0
77
7
0
99
99
99
112
25
3
110
19
0
111
26
4
103
20
0
102
18
0
105
24
4
102
24
3
97
19
0
96
16
0
94
18
0
94
21
0
90
16
0
87
15
0
88
18
0
81
11
0
83
13
0
88
23
4
99
99
99
116
30
10
112
27
6
108
22
2
110
27
7
98
14
0
105
23
4
101
22
3
99
21
0
100
25
6
94
18
0
92
18
0
86
11
0
83
9
0
86
14
0
79
8
0
86
17
0
79
13
0
98
98
98
119
33
13
111
26
4
106
20
0
113
30
11
103
20
0
102
19
0
100
21
2
96
16
0
93
15
0
94
18
0
91
17
0
88
16
0
86
15
0
82
11
0
86
18
0
76
2
0
76
9
0
101
101
101
111
23
2
109
22
0
106
22
2
99
14
0
104
24
2
99
18
0
100
21
2
98
19
0
97
20
0
97
21
1
91
17
0
97
26
7
86
15
0
86
16
0
83
15
0
82
11
0
83
19
0
98
98
98
113
26
6
113
26
6
102
18
0
103
19
0
103
23
0
104
24
4
99
20
0
98
19
0
103
28
8
88
12
0
89
15
0
85
11
0
86
15
0
83
13
0
80
10
0
73
2
0
80
15
0
84
84
84
108
21
0
108
25
2
105
20
0
99
15
0
101
21
0
100
21
0
93
14
0
98
21
1
90
11
0
91
16
0
89
15
0
88
15
0
86
15
0
85
16
0
80
10
0
78
8
0
78
13
0
88
88
88
111
24
3
109
26
3
108
23
4
101
18
0
104
24
2
100
21
0
95
16
0
100
25
6
94
17
0
91
17
0
83
7
0
92
22
3
87
17
0
79
5
0
86
18
0
84
17
0
80
14
0
90
90
90
105
20
0
112
28
8
105
21
0
100
17
0
104
25
4
100
21
2
97
19
0
97
19
0
92
17
0
89
15
0
90
17
0
87
17
0
84
12
0
82
9
0
85
17
0
75
5
0
82
16
0
89
89
89
107
22
0
112
28
8
105
21
0
97
12
0
106
28
7
97
17
0
91
11
0
95
16
0
93
18
0
92
20
0
88
15
0
86
13
0
90
21
3
83
15
0
80
13
0
76
8
0
73
7
0
86
86
86
110
26
6
102
18
0
104
21
2
103
23
2
97
16
0
103
24
4
96
18
0
94
18
0
92
18
0
89
16
0
91
19
0
81
6
0
87
18
0
83
15
0
81
14
0
76
6
0
72
6
0
93
93
93
113
29
10
99
14
0
115
33
15
109
30
10
95
13
0
101
22
2
94
15
0
93
17
0
94
21
0
86
12
0
88
16
0
88
19
0
83
12
0
78
10
0
76
8
0
77
12
0
80
17
0
87
87
87
112
28
8
111
28
8
99
17
0
107
27
8
97
16
0
98
21
0
94
17
0
94
18
0
89
13
0
85
11
0
92
21
1
84
13
0
80
8
0
80
13
0
78
10
0
77
12
0
80
17
0
87
87
87
110
26
6
107
24
3
102
20
0
112
33
14
99
20
0
99
24
3
98
21
1
91
14
0
86
9
0
90
90
90
88
88
88
90
90
90
90
90
90
86
86
86
83
83
83
87
87
87
93
93
93
90
90
90
101
101
101
100
100
100
104
104
104
106
106
106
98
98
98
96
96
96
101
101
101
97
97
97
104
104
104
89
89
89
86
86
86
95
95
95
85
85
85
91
91
91
93
93
93
89
89
89
89
89
89
87
87
87
102
102
102
99
99
99
99
99
99
101
101
101
96
96
96
99
99
99
99
99
99
101
101
101
104
104
104
