P3
36 36
255
52
52
52
51
51
51
53
53
53
47
47
47
45
45
45
43
43
43
43
43
43
38
38
38
30
30
30
52
52
52
51
51
51
53
53
53
47
47
47
45
45
45
43
43
43
43
43
43
38
38
38
30
30
30
52
52
52
51
51
51
53
53
53
47
47
47
45
45
45
43
43
43
43
43
43
38
38
38
35
35
35
52
52
52
51
51
51
53
53
53
47
47
47
0
56
0
43
43
43
0
59
0
38
38
38
30
30
30
49
49
49
51
51
51
47
47
47
44
44
44
44
44
44
46
46
46
39
39
39
38
38
38
0
47
0
49
49
49
51
51
51
47
47
47
44
44
44
44
44
44
46
46
46
39
39
39
38
38
38
0
83
11
49
49
49
51
51
51
47
47
47
44
44
44
44
44
44
46
46
46
39
39
39
38
38
38
21
21
21
49
49
49
51
51
51
47
47
47
44
44
44
44
44
44
46
46
46
0
56
0
38
38
38
0
55
0
0
55
0
47
47
47
45
45
45
45
45
45
43
43
43
39
39
39
38
38
38
39
39
39
30
30
30
0
45
0
47
47
47
45
45
45
45
45
45
43
43
43
39
39
39
45
45
45
40
40
40
0
77
5
40
40
40
36
36
36
45
45
45
45
45
45
43
43
43
39
39
39
38
38
38
0
43
0
39
39
39
49
49
49
47
47
47
45
45
45
45
45
45
43
43
43
39
39
39
38
38
38
0
48
0
30
30
30
47
47
47
0
55
0
43
43
43
48
48
48
39
39
39
39
39
39
39
39
39
35
35
35
31
31
31
47
47
47
47
47
47
43
43
43
48
48
48
39
39
39
39
39
39
62
62
62
0
77
5
0
77
5
59
59
59
65
65
65
48
48
48
49
49
49
39
39
39
39
39
39
39
39
39
35
35
35
0
55
0
47
47
47
47
47
47
43
43
43
48
48
48
39
39
39
39
39
39
0
50
0
35
35
35
0
62
0
0
45
0
41
41
41
0
61
0
42
42
42
36
36
36
40
40
40
36
36
36
34
34
34
30
30
30
46
46
46
34
34
34
40
40
40
55
55
55
57
57
57
39
39
39
0
47
0
63
63
63
55
55
55
28
28
28
48
48
48
53
53
53
40
40
40
58
58
58
65
65
65
35
35
35
34
34
34
0
55
0
46
46
46
41
41
41
46
46
46
42
42
42
36
36
36
0
50
0
36
36
36
34
34
34
30
30
30
30
30
30
28
28
28
0
55
0
30
30
30
29
29
29
30
30
30
26
26
26
30
30
30
30
30
30
35
35
35
59
59
59
55
55
55
57
57
57
55
55
55
55
55
55
39
39
39
65
65
65
53
53
53
54
54
54
62
62
62
53
53
53
39
39
39
63
63
63
60
60
60
56
56
56
57
57
57
30
30
30
0
60
0
0
55
0
21
21
21
38
38
38
32
32
32
0
55
0
24
24
24
28
28
28
34
34
34
45
45
45
43
43
43
43
43
43
0
50
0
0
55
0
52
52
52
51
51
51
53
53
53
39
39
39
56
56
56
56
56
56
62
62
62
0
77
5
59
59
59
49
49
49
39
39
39
59
59
59
54
54
54
52
52
52
49
49
49
46
46
46
57
57
57
60
60
60
61
61
61
59
59
59
0
77
5
71
71
71
39
39
39
43
43
43
0
55
0
38
38
38
30
30
30
52
52
52
51
51
51
53
53
53
47
47
47
44
44
44
46
46
46
0
45
0
38
38
38
30
30
30
49
49
49
51
51
51
35
35
35
61
61
61
35
35
35
53
53
53
54
54
54
52
52
52
23
100
28
52
52
52
31
31
31
33
33
33
38
38
38
34
34
34
33
33
33
43
43
43
60
60
60
54
54
54
55
55
55
55
55
55
19
96
24
42
42
42
39
39
39
39
39
39
39
39
39
38
38
38
30
30
30
49
49
49
51
51
51
47
47
47
44
44
44
43
43
43
39
39
39
0
60
0
39
39
39
24
24
24
49
49
49
47
47
47
60
60
60
65
65
65
54
54
54
35
35
35
56
56
56
50
50
50
34
34
34
39
39
39
48
32
0
48
32
0
29
23
0
32
26
3
48
32
0
49
32
0
39
39
39
35
35
35
58
58
58
0
77
5
37
37
37
74
74
74
66
66
66
0
61
4
38
38
38
39
39
39
30
30
30
49
49
49
47
47
47
45
45
45
45
45
45
39
39
39
39
39
39
0
71
6
35
35
35
29
29
29
47
47
47
38
38
38
53
53
53
59
59
59
57
57
57
57
57
57
36
36
36
36
36
36
33
33
33
28
28
28
25
25
25
22
22
22
19
19
19
21
21
21
24
24
24
23
23
23
29
29
29
20
20
20
41
41
41
36
36
36
0
77
5
67
67
67
63
63
63
0
43
0
39
39
39
35
35
35
36
36
36
47
47
47
47
47
47
43
43
43
48
48
48
36
36
36
0
55
0
36
36
36
34
34
34
28
28
28
35
35
35
0
77
5
45
45
45
40
40
40
46
46
46
50
50
50
43
43
43
29
29
29
32
32
32
31
31
31
87
87
87
31
31
31
21
21
21
22
22
22
34
34
34
72
72
72
27
27
27
29
29
29
26
26
26
38
38
38
61
61
61
62
62
62
65
65
65
59
59
59
0
77
5
39
39
39
19
19
19
46
46
46
41
41
41
46
46
46
42
42
42
31
31
31
0
55
0
32
32
32
30
30
30
45
45
45
0
44
0
39
39
39
39
39
39
55
55
55
50
50
50
39
39
39
48
32
0
48
31
0
48
32
0
48
31
0
46
28
0
49
32
0
29
23
0
29
23
0
48
32
0
48
30
0
47
31
0
51
35
3
49
32
0
48
32
0
39
39
39
58
58
58
59
59
59
39
39
39
40
40
40
39
39
39
27
27
27
26
26
26
36
36
36
30
30
30
30
30
30
52
52
52
51
51
51
0
48
0
47
47
47
42
42
42
63
63
63
0
77
5
60
60
60
40
40
40
47
47
47
38
38
38
24
7
0
26
9
0
26
9
2
9
0
0
31
14
7
24
7
0
11
0
0
9
0
0
25
8
0
16
0
0
24
7
0
30
13
6
24
7
0
28
11
2
39
39
39
56
56
56
62
62
62
35
35
35
46
46
46
51
51
51
39
39
39
0
55
0
43
43
43
38
38
38
30
30
30
49
49
49
51
51
51
47
47
47
44
44
44
31
31
31
64
64
64
0
89
18
54
54
54
54
54
54
40
40
40
49
32
0
48
31
0
48
32
0
52
36
4
52
36
3
48
31
0
48
32
0
30
25
0
39
34
9
48
32
0
48
32
0
51
35
3
49
33
0
49
32
0
48
32
0
48
31
0
34
34
34
59
59
59
52
52
52
51
51
51
48
48
48
39
39
39
46
46
46
0
55
0
0
55
0
30
30
30
49
49
49
47
47
47
45
45
45
45
45
45
31
31
31
0
77
5
51
51
51
0
77
5
58
58
58
39
39
39
48
32
0
49
33
0
48
31
0
46
30
0
52
35
4
50
32
2
48
32
0
29
22
0
30
24
0
49
33
0
49
32
1
48
32
0
51
34
3
48
32
0
45
28
0
48
32
0
45
45
45
53
53
53
47
47
47
48
48
48
50
50
50
39
39
39
0
55
0
38
38
38
39
39
39
0
54
0
47
47
47
47
47
47
43
43
43
48
48
48
36
36
36
50
50
50
53
53
53
0
77
5
49
49
49
39
39
39
47
31
0
48
31
0
48
32
0
48
32
0
49
33
1
48
32
0
50
33
0
29
23
0
29
23
0
49
33
1
48
31
0
48
32
0
51
35
3
48
32
0
48
31
1
48
32
0
33
33
33
48
48
48
0
50
4
0
77
5
39
39
39
39
39
39
0
45
0
39
39
39
35
35
35
0
60
0
46
46
46
41
41
41
0
55
0
42
42
42
40
40
40
35
35
35
41
41
41
42
42
42
0
67
0
42
42
42
46
29
0
47
31
0
48
32
0
49
33
0
48
30
0
48
31
0
47
31
0
29
23
0
29
22
0
48
31
0
48
32
0
47
31
0
46
29
0
48
31
0
44
27
0
43
26
0
38
38
38
40
40
40
39
39
39
47
47
47
44
44
44
35
35
35
40
40
40
36
36
36
34
34
34
32
32
32
30
30
30
20
20
20
30
30
30
22
22
22
39
39
39
72
72
72
63
63
63
60
60
60
68
68
68
41
41
41
24
7
0
35
18
10
24
7
0
42
25
16
36
18
12
29
12
5
11
0
0
12
0
0
28
16
16
24
7
0
24
7
0
24
7
0
24
7
0
22
5
0
18
1
0
17
0
0
38
38
38
38
38
38
64
64
64
66
66
66
59
59
59
33
33
33
37
37
37
30
30
30
30
30
30
30
30
30
45
45
45
43
43
43
43
43
43
38
38
38
36
36
36
67
67
67
60
60
60
68
68
68
54
54
54
40
40
40
49
33
0
48
32
0
50
33
1
48
30
0
44
27
0
48
31
0
47
31
0
16
9
0
42
35
15
49
33
0
49
33
0
52
35
4
51
35
3
47
29
0
49
32
0
49
32
0
52
52
52
35
35
35
60
60
60
63
63
63
53
53
53
39
39
39
52
52
52
51
51
51
53
53
53
47
47
47
44
44
44
46
46
46
39
39
39
38
38
38
40
40
40
65
65
65
56
56
56
59
59
59
55
55
55
38
38
38
29
29
29
29
29
29
29
29
29
33
33
33
28
28
28
25
25
25
22
22
22
19
19
19
21
21
21
24
24
24
23
23
23
29
29
29
20
20
20
25
25
25
30
30
30
32
32
32
40
40
40
0
77
5
60
60
60
49
49
49
52
52
52
38
38
38
49
49
49
51
51
51
47
47
47
44
44
44
43
43
43
39
39
39
38
38
38
39
39
39
43
43
43
58
58
58
55
55
55
42
42
42
53
53
53
39
39
39
25
25
25
28
28
28
94
94
94
32
32
32
31
31
31
72
72
72
31
31
31
21
21
21
22
22
22
34
34
34
79
79
79
27
27
27
29
29
29
87
87
87
38
38
38
29
29
29
40
40
40
23
100
28
57
57
57
51
51
51
48
48
48
39
39
39
49
49
49
47
47
47
45
45
45
45
45
45
39
39
39
39
39
39
39
39
39
35
35
35
39
39
39
56
56
56
53
53
53
46
46
46
49
49
49
39
39
39
49
33
0
46
29
0
50
34
2
46
29
0
46
30
0
48
32
0
58
42
9
23
17
0
27
20
0
49
31
1
48
32
0
48
32
0
46
30
0
48
30
0
48
32
0
46
29
0
39
39
39
53
53
53
0
73
5
52
52
52
46
46
46
42
42
42
47
47
47
47
47
47
43
43
43
48
48
48
36
36
36
40
40
40
36
36
36
34
34
34
38
38
38
45
45
45
39
39
39
41
41
41
36
36
36
40
40
40
24
6
0
38
21
14
25
8
0
24
7
0
14
0
0
20
3
0
22
5
0
17
5
4
10
0
0
21
4
0
17
0
0
24
7
0
24
7
0
26
9
0
21
4
0
24
7
0
39
39
39
33
33
33
0
77
5
43
43
43
42
42
42
42
42
42
46
46
46
41
41
41
46
46
46
42
42
42
28
28
28
30
30
30
30
30
30
0
55
0
38
38
38
72
72
72
71
71
71
60
60
60
59
59
59
48
48
48
48
31
0
48
32
0
47
30
0
48
32
0
48
32
0
51
34
4
50
34
2
29
22
0
23
15
0
49
32
1
50
33
1
51
35
3
49
31
1
44
28
0
46
28
0
46
30
0
35
35
35
60
60
60
0
77
5
58
58
58
60
60
60
33
33
33
30
30
30
37
37
37
28
28
28
30
30
30
52
52
52
51
51
51
53
53
53
0
49
0
39
39
39
65
65
65
62
62
62
56
56
56
58
58
58
45
45
45
48
32
0
46
29
0
49
33
0
48
32
0
50
33
1
46
30
0
50
33
1
34
28
3
32
25
5
50
34
2
43
27
0
45
29
0
47
31
0
48
30
0
51
34
2
48
32
0
39
39
39
0
77
5
58
58
58
0
77
5
56
56
56
39
39
39
43
43
43
43
43
43
38
38
38
33
33
33
49
49
49
51
51
51
47
47
47
44
44
44
45
45
45
62
62
62
60
60
60
51
51
51
49
49
49
45
45
45
48
32
0
48
32
0
43
27
0
48
30
0
50
34
2
49
32
0
48
31
0
198
31
0
185
76
14
46
29
0
50
34
2
48
32
0
49
32
0
48
32
0
50
33
2
48
31
0
38
38
38
0
77
5
58
58
58
35
35
35
11
88
16
42
42
42
46
46
46
0
68
4
0
34
0
31
31
31
49
49
49
47
47
47
0
70
5
0
55
0
43
43
43
0
74
2
54
54
54
51
51
51
47
47
47
39
39
39
49
32
0
53
37
4
49
33
0
49
33
0
48
32
0
49
32
0
48
32
0
192
60
0
119
119
119
48
32
0
49
32
1
45
29
0
46
30
0
51
34
3
51
35
2
52
36
4
39
39
39
21
98
26
53
53
53
49
49
49
45
45
45
41
41
41
39
39
39
38
38
38
39
39
39
0
55
0
0
55
0
0
56
0
43
43
43
48
48
48
45
45
45
0
77
5
47
47
47
48
48
48
47
47
47
33
33
33
24
7
0
25
8
0
24
7
0
24
7
0
16
0
0
14
0
0
24
7
0
194
53
0
124
124
124
24
6
0
25
8
0
15
0
0
24
7
0
24
7
0
23
4
0
24
7
0
39
39
39
55
55
55
45
45
45
43
43
43
40
40
40
41
41
41
39
39
39
39
39
39
0
55
0
30
30
30
46
46
46
41
41
41
46
46
46
42
42
42
39
39
39
40
40
40
3
93
21
0
77
5
39
39
39
35
35
35
47
30
0
49
32
1
46
28
0
48
30
0
45
29
0
48
31
0
44
28
0
198
35
0
198
21
0
49
32
0
48
31
0
50
33
2
50
32
2
48
32
0
48
31
0
48
32
0
37
37
37
35
35
35
45
45
45
35
35
35
0
72
5
35
35
35
40
40
40
36
36
36
34
34
34
30
30
30
30
30
30
30
30
30
20
20
20
24
24
24
48
48
48
25
115
43
68
68
68
63
63
63
0
77
5
41
41
41
48
32
0
48
31
0
47
31
0
48
32
0
48
31
0
48
32
0
49
32
0
36
29
7
24
17
0
53
37
4
48
32
0
50
34
1
48
32
0
52
36
3
50
33
0
48
32
0
39
39
39
67
67
67
58
58
58
59
59
59
59
59
59
0
77
5
24
24
24
30
30
30
30
30
30
30
30
30
45
45
45
43
43
43
43
43
43
38
38
38
36
36
36
64
64
64
63
63
63
60
60
60
55
55
55
37
37
37
48
30
0
48
30
0
48
31
0
49
32
2
48
31
0
50
33
0
48
32
0
12
5
0
38
33
8
48
32
0
51
33
3
43
25
0
45
28
0
45
27
0
48
31
0
48
32
0
38
38
38
66
66
66
65
65
65
65
65
65
0
77
5
39
39
39
52
52
52
51
51
51
53
53
53
47
47
47
44
44
44
46
46
46
39
39
39
38
38
38
39
39
39
58
58
58
57
57
57
54
54
54
53
53
53
31
31
31
47
31
0
54
37
5
47
30
0
48
30
0
49
32
0
48
31
0
57
40
7
29
22
0
16
10
0
48
32
0
50
33
2
48
31
0
47
30
0
48
31
0
48
32
0
47
31
0
39
39
39
61
61
61
64
64
64
51
51
51
55
55
55
40
40
40
49
49
49
51
51
51
47
47
47
44
44
44
43
43
43
39
39
39
38
38
38
39
39
39
37
37
37
60
60
60
51
51
51
51
51
51
50
50
50
42
42
42
26
9
0
24
7
0
27
10
3
26
9
2
18
1
0
24
7
0
15
0
0
11
0
0
14
2
2
32
15
8
25
8
0
24
7
0
35
18
8
24
7
0
41
24
17
24
7
0
43
43
43
53
53
53
55
55
55
55
55
55
51
51
51
42
42
42
49
49
49
47
47
47
45
45
45
45
45
45
39
39
39
39
39
39
39
39
39
35
35
35
44
44
44
54
54
54
50
50
50
51
51
51
51
51
51
36
36
36
48
32
0
48
32
0
48
32
0
48
32
0
48
32
0
47
31
0
48
32
0
28
21
0
29
22
0
53
35
5
48
32
0
49
32
0
52
35
4
48
30
0
49
32
1
48
32
0
39
39
39
39
39
39
61
61
61
48
48
48
48
48
48
39
39
39
47
47
47
47
47
47
43
43
43
48
48
48
36
36
36
40
40
40
36
36
36
34
34
34
51
51
51
39
39
39
43
43
43
39
39
39
39
39
39
42
42
42
47
31
0
49
33
0
48
31
0
48
32
0
50
33
2
48
30
0
48
32
0
37
30
8
39
33
9
52
36
3
55
38
7
48
32
0
45
28
0
48
32
0
51
34
2
45
29
0
35
35
35
39
39
39
37
37
37
45
45
45
43
43
43
40
40
40
46
46
46
0
69
4
46
46
46
42
42
42
30
30
30
24
24
24
29
29
29
20
20
20
36
36
36
68
68
68
66
66
66
62
62
62
56
56
56
37
37
37
48
32
0
50
33
2
48
32
0
48
32
0
49
33
1
48
32
0
50
33
0
35
28
8
29
22
0
48
32
0
52
35
4
48
32
0
49
33
1
43
27
0
47
30
0
50
34
2
36
36
36
67
67
67
65
65
65
63
63
63
57
57
57
37
37
37
24
24
24
29
29
29
30
30
30
30
30
30
