P3
36 36
255
126
39
16
127
41
17
117
30
10
118
34
12
118
34
15
127
45
24
114
32
13
105
25
2
112
33
14
105
28
7
104
28
10
112
38
20
99
26
6
99
28
10
97
27
6
100
32
14
92
24
4
106
106
106
131
44
21
119
32
9
118
31
11
120
37
15
113
27
7
118
35
15
113
31
11
48
51
0
109
30
10
106
29
9
107
31
14
48
51
0
97
24
3
99
28
10
95
23
2
102
34
16
91
23
3
108
108
108
35
36
0
117
27
6
126
41
19
116
33
11
115
31
9
115
33
14
114
35
15
113
35
16
107
28
9
101
23
3
101
26
6
103
30
12
93
17
0
91
19
0
98
28
10
96
26
7
87
18
0
35
37
0
129
42
19
120
30
10
121
36
14
119
36
14
115
31
9
115
33
14
112
33
12
108
30
10
48
51
0
36
37
0
48
51
0
105
32
14
99
25
7
97
27
7
99
29
12
99
29
12
91
23
3
42
45
0
127
40
18
48
51
0
116
30
10
122
39
18
115
32
10
116
33
15
115
35
17
106
27
5
112
35
17
104
28
7
103
30
10
97
23
3
100
29
12
96
25
4
88
18
0
93
24
6
91
25
6
48
51
0
130
43
21
122
37
15
123
38
17
123
40
19
122
40
18
115
32
14
113
33
15
105
26
3
48
51
0
104
28
7
101
27
7
102
28
10
96
23
4
96
25
4
50
52
0
98
29
13
88
22
1
48
51
0
128
41
19
50
53
3
122
39
18
118
35
13
111
30
7
112
31
11
106
26
6
111
32
14
107
30
10
107
31
13
101
27
9
96
24
3
99
29
9
95
25
4
93
25
4
89
18
0
81
15
0
105
105
105
123
36
14
128
42
20
115
31
10
115
31
9
117
36
14
114
33
14
109
29
10
109
30
11
112
35
16
51
53
4
103
30
12
98
27
6
98
28
7
95
25
4
45
49
0
89
18
0
42
45
0
115
115
115
122
36
14
116
33
10
117
32
12
104
19
0
114
33
11
109
29
7
107
29
7
109
32
14
101
24
5
102
27
7
95
21
0
98
25
6
96
25
6
95
26
6
92
23
1
89
21
1
89
24
6
90
90
90
122
36
14
122
39
16
116
30
11
109
25
2
111
30
7
110
30
9
100
21
0
111
34
16
104
27
9
41
44
0
101
27
7
102
30
12
97
27
9
88
18
0
91
22
0
48
51
0
48
51
0
96
96
96
117
33
9
121
37
16
116
32
11
117
34
15
115
35
15
108
28
9
105
27
7
104
26
7
105
30
12
99
25
5
96
23
3
97
26
6
92
20
0
91
19
0
99
31
14
92
25
7
87
21
3
96
96
96
119
35
11
123
39
18
119
35
15
115
32
13
117
37
17
116
36
18
103
25
5
107
29
12
107
33
14
99
25
5
44
47
0
100
30
12
97
26
7
97
26
9
96
28
10
45
49
0
86
20
1
50
53
3
120
36
15
116
33
10
121
38
19
116
35
15
111
31
11
112
32
13
105
27
7
104
28
9
103
30
10
96
23
3
103
31
14
102
31
14
96
26
7
94
26
6
88
21
1
89
22
3
85
21
1
97
97
97
122
38
17
116
32
9
117
34
15
115
34
14
106
26
5
116
36
17
107
29
10
99
23
2
109
36
17
100
28
9
43
46
0
96
24
6
96
26
7
90
22
0
88
21
1
48
51
0
83
19
0
104
104
104
122
38
17
118
34
14
116
34
15
117
36
17
50
52
0
42
45
0
48
51
0
106
30
13
97
22
2
96
23
2
48
51
0
47
51
0
93
22
3
91
24
4
91
24
6
87
22
3
91
27
10
98
98
98
122
38
17
116
32
11
110
28
7
117
36
17
110
30
11
104
27
6
101
24
3
104
28
10
97
22
2
42
45
0
93
20
0
95
25
6
93
22
3
89
22
1
48
51
0
40
43
0
88
24
6
92
92
92
109
109
109
111
111
111
45
48
0
35
36
0
43
46
0
108
108
108
48
51
0
35
35
0
108
108
108
49
51
0
48
51
0
35
35
0
48
51
0
98
98
98
101
101
101
99
99
99
97
97
97
99
99
99
108
108
108
48
51
0
48
51
0
109
109
109
48
51
0
104
104
104
110
110
110
111
111
111
106
106
106
48
51
0
96
96
96
97
97
97
96
96
96
99
99
99
51
53
7
99
99
99
41
43
0
99
99
99
109
32
13
106
30
13
107
33
15
97
24
3
102
31
14
92
20
0
101
33
15
90
22
1
45
49
0
48
51
0
122
36
12
120
33
13
120
37
15
118
34
15
119
36
16
113
31
11
111
31
10
107
28
7
106
29
9
103
27
9
103
28
10
52
54
9
102
31
14
98
28
7
101
33
15
90
22
1
107
107
107
130
43
20
48
51
0
121
35
14
118
35
13
48
51
0
45
48
0
109
26
6
103
22
0
110
31
11
107
29
12
108
34
15
104
31
13
97
23
5
93
21
0
102
32
15
96
26
7
92
24
4
41
44
0
131
44
21
124
34
14
120
35
13
120
37
15
114
30
7
119
37
18
118
39
19
109
31
11
105
26
6
110
32
15
111
37
18
101
27
9
96
22
3
97
27
7
95
23
4
93
22
3
92
24
4
108
108
108
43
46
0
124
34
14
121
36
14
117
34
12
115
31
9
39
40
0
113
34
14
113
35
16
109
30
11
102
26
5
93
17
0
96
22
2
94
21
2
101
31
13
90
20
0
91
21
3
95
29
12
50
52
0
125
38
16
123
38
16
120
35
14
118
34
14
117
34
12
113
30
11
114
34
16
104
25
2
107
30
11
102
26
5
101
27
7
99
25
6
96
24
6
99
29
10
98
29
10
94
25
7
96
30
13
108
108
108
126
39
17
122
37
15
124
39
18
119
35
15
48
51
0
111
27
9
45
48
0
106
27
5
106
29
10
107
31
13
101
27
9
96
24
3
101
31
12
93
22
2
94
26
6
89
18
0
48
51
0
103
103
103
121
33
12
124
38
16
116
32
11
116
32
10
114
33
11
111
30
10
110
30
11
104
25
5
107
30
10
107
31
13
101
27
9
101
30
10
97
27
6
92
21
0
97
29
10
96
26
9
91
26
7
105
105
105
121
33
12
123
37
15
116
32
11
114
30
7
115
34
12
111
30
10
110
30
11
109
30
11
108
31
11
103
28
9
96
22
0
101
29
10
96
25
6
94
25
4
96
27
7
90
22
3
47
51
0
38
40
0
120
33
12
112
27
3
116
30
11
107
23
0
114
33
11
112
32
11
103
25
2
107
30
11
100
23
3
100
25
5
95
20
0
96
23
3
95
23
4
92
23
1
92
23
1
91
23
4
89
24
6
94
94
94
122
36
14
121
38
15
122
38
19
110
26
3
112
31
9
114
34
14
105
27
5
111
34
16
104
27
9
99
25
5
99
26
7
96
25
4
89
17
0
91
19
0
96
28
10
91
24
6
88
22
4
42
45
0
114
28
3
119
35
14
113
28
7
120
37
18
116
36
16
115
35
17
101
23
2
107
29
12
97
22
0
99
25
5
96
23
3
97
27
7
97
27
9
91
19
0
99
31
14
86
18
0
88
22
4
98
98
98
112
26
1
123
39
18
118
34
14
112
29
9
114
34
14
116
36
18
107
29
10
106
28
10
102
27
7
102
30
12
104
32
15
96
23
4
100
31
14
96
28
9
90
23
4
86
18
0
85
21
1
48
51
0
124
40
19
116
33
10
120
37
18
111
30
9
103
22
1
112
32
13
107
29
10
105
29
10
104
31
12
102
30
12
104
32
15
94
21
2
99
29
12
89
21
0
90
23
4
88
21
1
87
23
4
99
99
99
125
41
20
116
32
9
120
37
18
117
36
16
106
26
5
116
36
17
102
24
3
101
25
5
103
30
10
96
22
0
96
24
4
97
27
9
90
19
0
84
16
0
87
20
0
86
21
1
44
47
0
101
101
101
52
54
12
120
36
16
110
28
7
116
35
16
112
32
14
105
28
7
106
29
10
105
29
12
100
25
6
96
22
0
99
28
9
40
41
0
48
51
0
86
18
0
89
22
3
89
24
6
91
27
10
98
98
98
119
35
14
117
33
12
109
26
6
121
40
21
108
28
9
110
33
14
106
29
10
103
27
9
97
22
2
98
98
98
98
98
98
96
96
96
100
100
100
96
96
96
100
100
100
48
51
0
46
50
0
39
40
0
51
53
6
112
112
112
106
106
106
104
104
104
105
105
105
105
105
105
105
105
105
107
107
107
48
51
0
103
103
103
40
43
0
41
44
0
42
45
0
41
44
0
45
49
0
48
51
0
98
98
98
95
95
95
114
114
114
113
113
113
109
109
109
109
109
109
103
103
103
108
108
108
105
105
105
105
105
105
116
116
116
132
45
22
121
35
11
122
36
15
120
37
15
119
35
16
116
33
12
115
33
14
113
33
12
108
29
9
52
54
12
109
33
16
107
33
15
98
25
5
102
31
14
95
23
2
102
34
16
50
53
3
48
51
0
45
49
0
34
34
0
118
31
11
47
51
0
50
52
0
117
34
14
113
31
11
111
31
10
108
29
9
104
27
6
106
30
13
101
26
7
97
24
3
103
32
15
96
25
3
98
30
12
87
18
0
110
110
110
130
43
20
119
29
9
119
34
12
119
36
14
115
31
9
115
33
14
111
32
11
108
30
10
50
53
4
48
51
0
42
45
0
106
33
15
93
17
0
92
20
0
102
32
15
97
27
9
94
26
7
48
51
0
42
45
0
119
29
9
39
40
0
117
34
12
115
31
9
115
33
14
118
39
19
116
38
19
104
25
5
106
28
10
95
20
0
99
25
6
97
23
5
96
25
4
95
23
4
96
26
7
93
25
6
105
105
105
130
43
21
120
35
13
118
33
12
126
43
22
114
31
9
111
27
9
108
28
9
106
27
5
48
51
0
48
51
0
44
47
0
100
26
7
101
30
13
93
21
0
89
19
0
98
29
13
92
26
7
107
107
107
47
51
0
43
46
0
117
31
11
120
37
16
119
36
14
113
30
11
115
35
17
106
27
5
108
31
13
104
28
7
104
31
12
95
21
0
94
21
2
96
25
4
95
26
6
93
24
6
90
24
4
114
114
114
119
31
10
122
36
14
118
34
14
116
32
10
114
33
11
108
27
6
109
29
10
106
27
7
107
30
10
39
42
0
103
30
12
102
31
12
94
22
0
89
18
0
98
30
12
87
16
0
84
19
0
49
51
0
120
32
11
45
49
0
117
33
12
115
31
9
116
35
13
111
30
10
113
33
15
109
30
11
107
30
10
111
36
17
102
28
10
98
27
6
97
26
5
94
24
3
89
21
0
86
14
0
90
25
6
105
105
105
126
40
18
118
35
12
118
34
15
112
29
6
114
33
11
109
29
7
104
26
3
105
28
9
105
28
10
104
29
10
101
27
7
99
26
7
92
20
0
92
23
1
91
22
0
91
23
4
84
19
0
44
47
0
33
34
0
117
34
11
121
37
18
114
31
9
115
34
12
116
36
16
104
26
3
104
27
7
100
23
3
100
25
5
95
20
0
96
22
2
101
31
14
91
22
0
90
20
0
91
23
4
89
24
6
99
99
99
116
32
7
124
40
19
49
51
0
115
32
13
117
37
17
104
23
3
113
35
17
110
32
15
102
27
7
103
30
10
97
24
5
98
28
9
89
17
0
95
23
6
95
27
9
89
22
3
86
20
1
96
96
96
48
51
0
122
38
17
115
31
10
115
32
13
116
36
16
104
23
3
103
25
5
105
27
9
104
29
10
99
25
5
98
25
6
92
20
0
95
23
4
91
19
0
88
19
0
92
25
7
84
17
0
103
103
103
119
35
14
113
28
5
48
51
0
115
34
14
50
52
2
119
39
20
104
26
6
107
31
13
102
28
9
99
26
7
102
30
13
94
21
2
97
27
9
88
19
0
90
23
4
88
21
1
81
15
0
50
52
0
121
37
16
114
30
6
119
36
17
115
34
14
104
23
2
120
40
21
109
31
13
103
27
7
106
33
14
98
25
6
100
27
10
93
20
0
99
30
13
91
23
1
87
20
0
86
18
0
86
22
3
104
104
104
120
36
15
42
45
0
110
28
7
50
52
0
106
26
6
114
38
18
109
32
14
110
35
17
100
25
6
96
22
0
97
25
6
90
19
0
96
26
7
89
22
1
86
18
0
86
21
1
91
27
10
96
96
96
119
35
14
120
36
16
112
30
10
112
31
11
110
30
11
106
29
9
105
28
9
105
29
12
98
23
3
100
28
7
104
33
15
95
25
6
90
19
0
91
24
4
84
16
0
83
18
0
95
31
15
96
96
96
108
108
108
48
51
0
109
109
109
107
107
107
43
46
0
50
52
0
111
111
111
106
106
106
109
109
109
99
99
99
50
52
2
46
49
0
98
98
98
50
52
3
36
38
0
46
50
0
101
101
101
100
100
100
104
104
104
109
109
109
108
108
108
109
109
109
110
110
110
109
109
109
109
109
109
105
105
105
100
100
100
49
52
0
40
42
0
95
95
95
48
51
0
52
53
8
39
41
0
99
99
99
48
51
0
48
51
0
101
24
2
110
35
17
48
51
0
48
51
0
107
36
19
43
46
0
96
28
9
95
27
9
105
105
105
134
47
24
123
37
13
50
52
0
123
40
18
49
52
0
121
38
18
113
31
11
45
48
0
110
31
11
107
30
10
110
35
17
104
29
12
97
24
3
102
31
14
97
27
6
92
24
3
81
11
0
104
104
104
128
41
18
121
35
11
45
48
0
115
31
9
48
51
0
42
45
0
40
43
0
113
33
12
112
33
14
104
26
7
110
36
17
48
51
0
98
24
6
48
51
0
91
19
0
97
27
9
93
25
6
110
110
110
126
39
16
39
41
0
121
36
14
34
34
0
110
25
2
48
51
0
48
51
0
114
36
17
110
31
13
103
25
6
104
29
10
101
27
9
98
24
6
98
28
9
101
31
14
97
27
9
87
18
0
109
109
109
123
36
13
120
30
10
121
36
14
114
31
9
113
28
6
48
51
0
113
34
14
40
43
0
106
27
7
104
28
7
104
31
12
100
26
7
97
25
7
45
49
0
91
22
0
93
24
6
98
32
15
109
109
109
127
40
18
122
37
15
43
46
0
48
51
0
48
51
0
116
33
15
38
39
0
110
31
10
111
34
16
104
28
7
102
28
9
96
22
2
93
20
0
96
25
4
89
19
0
96
27
10
89
23
3
108
108
108
130
43
21
121
36
14
116
30
10
123
40
19
114
31
9
113
30
11
47
51
0
106
27
5
103
26
6
104
28
9
101
27
9
98
27
6
97
26
5
92
21
0
96
28
9
85
13
0
85
20
0
111
111
111
121
33
12
119
32
11
117
33
12
49
51
0
115
34
12
41
44
0
111
31
13
108
29
10
107
30
10
107
31
13
101
27
9
107
36
17
97
26
5
96
26
6
93
25
4
92
21
3
93
28
10
108
108
108
124
37
15
123
37
15
113
28
7
114
30
7
114
33
11
44
47
0
110
30
11
108
29
10
114
38
18
98
23
2
99
25
5
96
22
2
97
26
7
93
24
3
90
20
0
82
12
0
90
25
7
93
93
93
118
31
10
118
35
12
116
30
11
110
26
3
38
39
0
111
31
10
103
25
2
108
31
13
100
23
3
101
26
6
99
25
5
98
25
6
97
26
7
95
26
6
90
20
0
88
19
0
88
23
4
97
97
97
121
35
13
119
36
13
118
34
15
112
29
6
115
34
12
111
31
10
48
51
0
111
34
16
104
27
9
101
27
7
93
19
0
102
32
14
97
27
9
89
17
0
96
28
10
94
27
10
90
24
7
99
99
99
115
31
6
122
38
17
116
32
11
111
27
7
36
37
0
111
31
13
107
29
10
107
29
12
102
27
7
99
25
5
100
28
9
97
27
7
94
22
3
92
20
1
95
27
9
84
16
0
92
26
10
98
98
98
117
33
9
122
38
17
116
32
11
108
24
3
117
37
17
108
28
9
101
23
2
105
27
9
103
28
9
102
30
12
98
25
7
96
23
4
100
31
14
93
25
4
90
23
4
86
18
0
82
18
0
95
95
95
120
36
15
113
28
5
115
32
13
114
33
12
107
27
6
114
34
15
106
28
9
104
28
9
102
28
9
99
26
7
101
29
12
91
18
0
98
28
10
93
25
4
91
24
6
85
17
0
81
17
0
102
102
102
123
39
18
110
25
1
126
43
23
120
39
19
105
25
3
112
32
13
104
26
6
103
27
7
104
31
12
96
23
2
98
27
7
99
29
12
93
22
3
88
21
0
86
18
0
87
22
3
90
26
9
96
96
96
122
38
17
121
38
17
110
28
7
118
37
18
107
27
7
108
31
11
104
27
7
104
28
10
99
24
5
96
22
0
102
31
13
94
24
4
90
19
0
90
23
3
88
21
1
87
22
3
90
26
9
96
96
96
120
36
15
118
34
14
113
31
11
123
42
22
110
30
11
110
33
14
108
31
13
101
25
6
96
21
0
99
99
99
97
97
97
99
99
99
99
99
99
95
95
95
92
92
92
96
96
96
102
102
102
99
99
99
111
111
111
110
110
110
114
114
114
115
115
115
108
108
108
105
105
105
111
111
111
107
107
107
114
114
114
98
98
98
95
95
95
104
104
104
94
94
94
100
100
100
102
102
102
98
98
98
98
98
98
96
96
96
112
112
112
109
109
109
109
109
109
111
111
111
105
105
105
109
109
109
109
109
109
111
111
111
114
114
114
