P3
36 36
255
52
52
52
51
51
51
53
53
53
47
47
47
45
45
45
43
43
43
43
43
43
38
38
38
30
30
30
52
52
52
51
51
51
53
53
53
47
47
47
45
45
45
43
43
43
43
43
43
38
38
38
30
30
30
52
52
52
51
51
51
53
53
53
47
47
47
45
45
45
43
43
43
43
43
43
38
38
38
35
35
35
52
52
52
51
51
51
53
53
53
47
47
47
0
56
0
43
43
43
0
59
0
38
38
38
30
30
30
49
49
49
51
51
51
47
47
47
44
44
44
44
44
44
46
46
46
39
39
39
38
38
38
0
47
0
49
49
49
51
51
51
47
47
47
44
44
44
44
44
44
46
46
46
39
39
39
38
38
38
24
24
24
49
49
49
51
51
51
47
47
47
44
44
44
44
44
44
46
46
46
39
39
39
38
38
38
21
21
21
49
49
49
51
51
51
47
47
47
44
44
44
44
44
44
46
46
46
0
56
0
38
38
38
0
55
0
0
55
0
47
47
47
45
45
45
45
45
45
43
43
43
39
39
39
38
38
38
39
39
39
30
30
30
0
45
0
47
47
47
45
45
45
45
45
45
43
43
43
39
39
39
38
38
38
39
39
39
30
30
30
49
49
49
47
47
47
45
45
45
45
45
45
43
43
43
39
39
39
38
38
38
0
43
0
39
39
39
49
49
49
47
47
47
45
45
45
45
45
45
43
43
43
39
39
39
38
38
38
0
48
0
30
30
30
47
47
47
0
55
0
43
43
43
48
48
48
39
39
39
39
39
39
39
39
39
35
35
35
31
31
31
47
47
47
47
47
47
43
43
43
48
48
48
39
39
39
39
39
39
39
39
39
35
35
35
0
55
0
47
47
47
47
47
47
43
43
43
48
48
48
39
39
39
39
39
39
39
39
39
35
35
35
0
55
0
47
47
47
47
47
47
43
43
43
48
48
48
39
39
39
39
39
39
0
50
0
35
35
35
0
62
0
0
45
0
41
41
41
0
61
0
42
42
42
36
36
36
40
40
40
36
36
36
34
34
34
30
30
30
46
46
46
41
41
41
46
46
46
42
42
42
36
36
36
40
40
40
36
36
36
34
34
34
36
36
36
46
46
46
41
41
41
46
46
46
42
42
42
36
36
36
40
40
40
36
36
36
34
34
34
0
55
0
46
46
46
41
41
41
46
46
46
42
42
42
36
36
36
0
50
0
36
36
36
34
34
34
30
30
30
30
30
30
28
28
28
0
55
0
30
30
30
29
29
29
30
30
30
26
26
26
30
30
30
30
30
30
46
46
46
30
30
30
28
28
28
26
26
26
0
55
0
0
60
0
38
38
38
0
55
0
0
51
0
30
30
30
29
29
29
28
28
28
28
28
28
28
28
28
36
36
36
37
37
37
0
55
0
24
24
24
0
60
0
0
55
0
21
21
21
38
38
38
32
32
32
0
55
0
24
24
24
28
28
28
34
34
34
45
45
45
43
43
43
43
43
43
0
50
0
0
55
0
187
140
0
176
129
0
195
148
7
190
143
2
192
145
4
198
151
10
180
133
0
190
143
2
209
162
21
202
155
14
193
146
5
198
151
10
183
136
0
194
147
6
193
146
5
185
138
0
181
134
0
197
150
9
172
125
0
176
129
0
194
147
6
172
125
0
194
147
6
194
147
6
185
138
0
185
138
0
180
133
0
186
139
0
187
140
0
192
145
4
184
137
0
44
44
44
46
46
46
0
45
0
38
38
38
190
143
2
190
143
2
160
111
0
164
115
0
155
107
0
170
121
0
155
106
0
168
119
0
166
117
0
167
119
0
167
118
0
159
110
0
169
121
0
163
114
0
168
119
0
162
114
0
155
106
0
163
114
0
157
108
0
172
124
0
158
109
0
158
109
0
163
114
0
159
110
0
155
106
0
167
119
0
165
117
0
172
123
0
163
114
0
153
104
0
161
112
0
162
114
0
43
43
43
39
39
39
0
60
0
39
39
39
184
137
0
165
116
0
165
117
0
241
59
174
241
59
173
242
59
173
242
59
173
242
59
172
242
59
171
242
59
172
242
59
172
242
59
172
241
59
172
242
59
171
242
59
171
242
58
171
242
59
171
242
59
171
242
59
171
242
59
170
243
59
170
241
59
171
243
58
170
242
60
170
242
59
170
242
59
170
242
59
170
242
59
169
242
60
169
243
59
169
243
59
169
242
59
168
39
39
39
39
39
39
0
71
6
35
35
35
183
136
0
147
98
0
241
59
168
242
59
169
242
59
168
242
59
168
242
58
169
242
60
167
242
60
167
242
59
168
243
59
167
242
59
167
242
59
167
242
59
167
242
59
167
242
59
166
242
59
166
242
59
166
243
59
166
242
60
165
242
59
166
243
58
166
242
60
165
242
59
165
243
59
165
242
59
165
243
58
165
243
59
165
242
59
165
243
59
164
247
133
198
243
58
164
36
36
36
0
55
0
36
36
36
34
34
34
186
139
0
155
106
0
243
59
164
242
59
163
242
60
164
242
59
164
247
133
198
243
60
163
243
58
163
255
255
255
242
60
162
243
59
162
243
59
162
242
59
163
243
59
161
243
59
163
243
60
162
242
59
162
242
59
162
243
59
161
243
58
161
242
60
161
243
59
161
243
59
161
242
59
161
243
59
160
242
60
159
243
59
160
243
59
160
243
59
160
243
59
161
244
58
159
31
31
31
0
55
0
32
32
32
30
30
30
169
122
0
152
103
0
243
59
159
242
60
159
242
60
159
244
59
158
244
59
158
243
60
158
243
60
158
255
255
255
243
59
158
243
59
158
244
59
157
244
59
158
247
134
194
243
58
158
243
59
157
243
60
156
243
59
156
243
60
156
243
58
157
242
59
157
244
59
155
243
59
156
243
60
156
243
60
155
243
60
155
243
59
155
243
60
155
243
60
155
243
60
155
244
59
154
52
52
52
51
51
51
0
48
0
47
47
47
187
140
0
164
115
0
243
60
154
244
58
155
243
60
154
243
59
155
244
59
153
243
60
154
255
255
255
255
255
255
255
255
255
243
60
153
243
60
153
243
60
153
243
59
152
243
60
152
244
59
153
244
59
153
244
60
152
243
60
152
244
59
152
244
60
152
247
133
191
243
59
151
244
59
151
244
59
152
243
59
151
244
59
152
243
59
151
244
59
151
243
59
151
243
60
150
49
49
49
51
51
51
47
47
47
44
44
44
203
156
15
161
113
0
244
59
150
243
59
150
243
60
149
244
59
150
245
59
150
244
59
149
255
255
255
255
255
255
255
255
255
244
59
149
244
59
149
244
59
148
244
59
149
244
59
148
243
59
148
244
59
148
244
60
147
244
59
148
244
59
147
244
59
148
244
59
148
244
59
147
244
59
147
244
59
146
244
60
146
243
60
146
243
60
146
244
60
146
243
59
146
245
59
146
49
49
49
47
47
47
45
45
45
45
45
45
187
140
0
172
123
0
245
59
145
244
60
145
244
59
146
245
59
145
244
59
144
255
255
255
255
255
255
255
255
255
255
255
255
255
255
255
244
60
144
244
60
143
245
59
143
244
60
143
243
60
143
206
206
206
245
59
143
244
59
142
244
60
143
244
60
142
244
59
141
245
60
142
245
60
142
244
59
142
244
60
142
243
60
141
245
59
141
245
59
142
245
59
142
245
60
141
47
47
47
47
47
47
43
43
43
48
48
48
188
141
0
151
102
0
244
59
141
245
59
141
248
133
184
244
59
141
244
59
140
255
255
255
255
255
255
255
255
255
255
255
255
255
255
255
245
59
139
245
59
139
244
60
139
244
60
138
245
60
138
206
206
206
244
59
139
245
59
139
244
60
138
245
59
138
245
59
138
245
60
138
244
60
137
245
59
137
245
60
137
245
60
136
245
59
136
245
60
137
245
59
136
245
59
136
46
46
46
41
41
41
0
55
0
42
42
42
195
148
7
172
123
0
244
60
136
245
59
137
245
60
135
245
59
136
79
79
79
79
79
79
255
255
255
80
80
80
255
255
255
80
80
80
80
80
80
245
59
134
245
60
134
245
59
135
206
206
206
206
206
206
206
206
206
245
59
134
245
59
134
245
60
133
245
60
133
245
60
133
245
60
132
246
59
133
246
59
133
245
60
132
245
59
132
245
59
132
255
173
0
255
170
0
30
30
30
20
20
20
30
30
30
22
22
22
176
129
0
162
114
0
246
59
131
245
60
131
245
59
131
245
59
131
78
78
78
78
78
78
78
78
78
78
78
78
78
78
78
78
78
78
79
79
79
245
59
130
245
60
130
245
60
130
206
206
206
206
206
206
206
206
206
246
60
129
246
59
129
246
59
129
246
59
129
245
60
128
245
59
129
246
59
128
245
60
127
248
133
176
246
59
128
255
172
0
255
166
0
255
162
0
45
45
45
43
43
43
43
43
43
38
38
38
184
137
0
160
111
0
245
60
126
246
60
126
245
60
127
76
76
76
76
76
76
77
77
77
77
77
77
77
77
77
77
77
77
77
77
77
77
77
77
77
77
77
246
59
125
206
206
206
206
206
206
206
206
206
206
206
206
206
206
206
245
60
124
246
59
125
246
60
124
246
59
124
247
59
123
246
60
123
246
60
124
246
59
123
255
172
0
255
166
0
255
160
0
255
154
0
44
44
44
46
46
46
39
39
39
38
38
38
185
138
0
174
125
0
245
60
122
245
60
122
246
59
123
75
75
75
75
75
75
75
75
75
75
75
75
75
75
75
75
75
75
76
76
76
76
76
76
76
76
76
246
60
121
206
206
206
73
73
73
206
206
206
73
73
73
206
206
206
247
59
119
246
60
119
246
60
118
246
60
119
246
60
118
246
60
118
247
60
118
255
175
0
255
168
0
255
160
0
255
154
0
255
148
0
43
43
43
39
39
39
38
38
38
39
39
39
180
133
0
165
117
0
247
59
117
246
60
117
246
60
117
74
74
74
74
74
74
74
74
74
74
74
74
74
74
74
74
74
74
74
74
74
74
74
74
74
74
74
74
74
74
71
71
71
71
71
71
70
70
70
70
70
70
70
70
70
70
70
70
246
60
115
247
59
114
247
60
114
246
59
115
247
59
114
246
60
113
255
172
0
255
164
0
255
156
0
255
148
0
255
142
0
39
39
39
39
39
39
39
39
39
35
35
35
186
139
0
159
110
0
246
60
112
246
60
113
72
72
72
72
72
72
72
72
72
73
73
73
73
73
73
73
73
73
73
73
73
73
73
73
73
73
73
73
73
73
73
73
73
68
68
68
68
68
68
68
68
68
68
68
68
68
68
68
68
68
68
247
60
109
247
60
110
246
60
109
248
59
110
16
110
0
18
112
0
18
111
0
17
110
0
18
110
0
14
107
0
17
110
0
36
36
36
40
40
40
36
36
36
34
34
34
192
145
4
168
119
0
247
60
109
247
60
109
71
71
71
71
71
71
71
71
71
71
71
71
71
71
71
71
71
71
71
71
71
71
71
71
72
72
72
72
72
72
72
72
72
65
65
65
65
65
65
65
65
65
65
65
65
65
65
65
65
65
65
65
65
65
248
60
105
16
106
0
17
108
0
16
106
0
17
107
0
16
107
0
12
103
0
16
107
0
17
106
0
17
106
0
28
28
28
30
30
30
30
30
30
0
55
0
186
139
0
148
99
0
248
60
104
69
69
69
69
69
69
69
69
69
69
69
69
70
70
70
70
70
70
70
70
70
70
70
70
70
70
70
70
70
70
70
70
70
70
70
70
70
70
70
63
63
63
63
63
63
63
63
63
63
63
63
63
63
63
16
104
0
17
105
0
16
103
0
16
103
0
16
103
0
16
103
0
16
103
0
16
103
0
17
103
0
16
102
0
16
101
0
52
52
52
51
51
51
53
53
53
0
49
0
183
136
0
161
113
0
248
60
99
68
68
68
68
68
68
68
68
68
68
68
68
68
68
68
69
69
69
69
69
69
69
69
69
69
69
69
69
69
69
69
69
69
69
69
69
69
69
69
60
60
60
60
60
60
60
60
60
60
60
60
16
100
0
16
100
0
16
100
0
15
99
0
16
100
0
16
99
0
14
97
0
13
96
0
16
99
0
17
100
0
14
97
0
15
98
0
49
49
49
51
51
51
47
47
47
44
44
44
173
126
0
161
112
0
67
67
67
67
67
67
67
67
67
67
67
67
67
67
67
67
67
67
67
67
67
67
67
67
67
67
67
67
67
67
68
68
68
68
68
68
68
68
68
68
68
68
68
68
68
58
58
58
58
58
58
18
99
0
15
97
0
17
98
0
15
96
0
15
96
0
15
95
0
15
96
0
15
94
0
16
95
0
16
95
0
15
94
0
15
94
0
16
95
0
49
49
49
47
47
47
0
70
5
0
55
0
175
128
0
171
122
0
65
65
65
65
65
65
65
65
65
65
65
65
65
65
65
66
66
66
66
66
66
66
66
66
66
66
66
66
66
66
66
66
66
66
66
66
66
66
66
66
66
66
66
66
66
55
55
55
13
91
0
15
93
0
14
92
0
13
90
0
15
91
0
15
91
0
14
90
0
15
91
0
16
92
0
14
90
0
14
90
0
14
90
0
15
90
0
15
90
0
0
55
0
0
56
0
43
43
43
48
48
48
186
139
0
164
115
0
169
121
0
64
64
64
64
64
64
64
64
64
64
64
64
64
64
64
64
64
64
64
64
64
64
64
64
65
65
65
65
65
65
65
65
65
65
65
65
65
65
65
65
65
65
15
90
0
14
88
0
14
88
0
13
87
0
12
86
0
15
90
0
13
88
0
13
87
0
13
87
0
12
84
0
14
86
0
14
86
0
11
83
0
14
86
0
12
84
0
46
46
46
41
41
41
46
46
46
42
42
42
197
150
9
185
138
0
167
118
0
162
114
0
172
124
0
178
129
0
167
119
0
162
114
0
165
117
0
156
108
0
150
101
0
155
106
0
168
119
0
164
115
0
155
106
0
169
121
0
152
103
0
154
105
0
163
114
0
165
117
0
167
119
0
162
114
0
161
112
0
161
112
0
155
107
0
160
111
0
145
96
0
150
101
0
165
116
0
171
122
0
170
121
0
163
114
0
30
30
30
30
30
30
20
20
20
24
24
24
30
30
30
182
135
0
183
136
0
193
146
5
188
141
0
173
126
0
181
134
0
187
140
0
191
144
3
184
137
0
185
138
0
181
134
0
195
148
7
159
112
0
203
156
15
182
135
0
178
131
0
193
146
5
202
155
14
190
143
2
201
154
13
198
151
10
190
143
2
185
138
0
174
127
0
171
124
0
185
138
0
201
154
13
177
130
0
208
161
20
179
132
0
184
137
0
45
45
45
43
43
43
43
43
43
38
38
38
30
30
30
25
25
25
25
25
25
26
26
26
23
23
23
22
22
22
21
21
21
21
21
21
18
18
18
17
17
17
25
25
25
25
25
25
26
26
26
23
23
23
0
31
0
21
21
21
21
21
21
18
18
18
17
17
17
25
25
25
25
25
25
26
26
26
23
23
23
22
22
22
21
21
21
21
21
21
18
18
18
18
18
18
25
25
25
25
25
25
26
26
26
23
23
23
44
44
44
46
46
46
39
39
39
38
38
38
30
30
30
49
49
49
51
51
51
47
47
47
44
44
44
44
44
44
46
46
46
39
39
39
38
38
38
37
37
37
49
49
49
51
51
51
47
47
47
44
44
44
44
44
44
0
49
0
39
39
39
38
38
38
25
25
25
49
49
49
51
51
51
47
47
47
44
44
44
44
44
44
46
46
46
39
39
39
38
38
38
36
36
36
49
49
49
51
51
51
47
47
47
44
44
44
43
43
43
39
39
39
38
38
38
39
39
39
24
24
24
49
49
49
47
47
47
45
45
45
45
45
45
43
43
43
39
39
39
38
38
38
39
39
39
28
28
28
49
49
49
47
47
47
45
45
45
45
45
45
43
43
43
39
39
39
38
38
38
39
39
39
30
30
30
49
49
49
47
47
47
45
45
45
45
45
45
43
43
43
0
51
0
0
55
0
39
39
39
30
30
30
49
49
49
47
47
47
45
45
45
45
45
45
39
39
39
39
39
39
39
39
39
35
35
35
32
32
32
47
47
47
47
47
47
43
43
43
48
48
48
39
39
39
39
39
39
39
39
39
35
35
35
0
49
0
47
47
47
47
47
47
43
43
43
48
48
48
39
39
39
39
39
39
39
39
39
35
35
35
22
22
22
47
47
47
47
47
47
43
43
43
48
48
48
0
60
0
39
39
39
39
39
39
35
35
35
30
30
30
47
47
47
47
47
47
43
43
43
48
48
48
36
36
36
40
40
40
36
36
36
34
34
34
33
33
33
46
46
46
41
41
41
46
46
46
42
42
42
0
61
0
0
66
2
36
36
36
0
55
0
30
30
30
46
46
46
41
41
41
46
46
46
42
42
42
36
36
36
40
40
40
36
36
36
34
34
34
30
30
30
46
46
46
41
41
41
46
46
46
42
42
42
36
36
36
0
61
0
36
36
36
34
34
34
30
30
30
46
46
46
0
69
4
46
46
46
42
42
42
30
30
30
24
24
24
29
29
29
20
20
20
30
30
30
30
30
30
30
30
30
34
34
34
0
55
0
30
30
30
33
33
33
0
55
0
30
30
30
0
49
0
0
50
0
28
28
28
40
40
40
24
24
24
29
29
29
30
30
30
25
25
25
30
30
30
30
30
30
31
31
31
30
30
30
30
30
30
33
33
33
33
33
33
37
37
37
30
30
30
30
30
30
28
28
28
24
24
24
29
29
29
30
30
30
30
30
30
