P3
36 36
255
52
52
52
51
51
51
53
53
53
47
47
47
45
45
45
43
43
43
43
43
43
38
38
38
30
30
30
52
52
52
51
51
51
53
53
53
47
47
47
45
45
45
43
43
43
43
43
43
38
38
38
30
30
30
52
52
52
51
51
51
53
53
53
47
47
47
45
45
45
43
43
43
43
43
43
38
38
38
35
35
35
52
52
52
51
51
51
53
53
53
47
47
47
0
56
0
43
43
43
0
59
0
38
38
38
30
30
30
49
49
49
51
51
51
47
47
47
44
44
44
44
44
44
46
46
46
39
39
39
38
38
38
0
47
0
49
49
49
51
51
51
47
47
47
44
44
44
44
44
44
46
46
46
39
39
39
38
38
38
24
24
24
49
49
49
51
51
51
47
47
47
44
44
44
44
44
44
46
46
46
39
39
39
38
38
38
21
21
21
49
49
49
51
51
51
47
47
47
44
44
44
44
44
44
46
46
46
0
56
0
38
38
38
0
55
0
0
55
0
47
47
47
45
45
45
45
45
45
43
43
43
39
39
39
38
38
38
39
39
39
30
30
30
0
45
0
47
47
47
45
45
45
45
45
45
43
43
43
39
39
39
38
38
38
39
39
39
30
30
30
49
49
49
47
47
47
45
45
45
45
45
45
43
43
43
39
39
39
38
38
38
0
43
0
39
39
39
49
49
49
47
47
47
45
45
45
45
45
45
43
43
43
39
39
39
38
38
38
0
48
0
30
30
30
47
47
47
0
55
0
43
43
43
48
48
48
39
39
39
39
39
39
39
39
39
35
35
35
31
31
31
47
47
47
47
47
47
43
43
43
48
48
48
39
39
39
39
39
39
39
39
39
35
35
35
0
55
0
47
47
47
47
47
47
43
43
43
48
48
48
39
39
39
39
39
39
39
39
39
35
35
35
0
55
0
47
47
47
47
47
47
43
43
43
48
48
48
39
39
39
39
39
39
0
50
0
35
35
35
0
62
0
0
45
0
41
41
41
0
61
0
42
42
42
36
36
36
40
40
40
36
36
36
34
34
34
30
30
30
46
46
46
41
41
41
46
46
46
42
42
42
36
36
36
40
40
40
36
36
36
34
34
34
36
36
36
46
46
46
41
41
41
46
46
46
42
42
42
36
36
36
40
40
40
36
36
36
34
34
34
0
55
0
46
46
46
41
41
41
46
46
46
42
42
42
36
36
36
0
50
0
36
36
36
34
34
34
30
30
30
30
30
30
28
28
28
0
55
0
30
30
30
29
29
29
30
30
30
26
26
26
30
30
30
30
30
30
46
46
46
30
30
30
28
28
28
26
26
26
0
55
0
0
60
0
38
38
38
0
55
0
0
51
0
30
30
30
29
29
29
28
28
28
28
28
28
28
28
28
36
36
36
37
37
37
0
55
0
24
24
24
0
60
0
0
55
0
21
21
21
38
38
38
32
32
32
0
55
0
24
24
24
28
28
28
34
34
34
192
145
4
187
140
0
196
149
8
192
145
4
191
144
3
189
142
1
181
134
0
187
140
0
183
136
0
195
148
7
184
137
0
184
137
0
188
141
0
182
135
0
169
122
0
184
137
0
200
153
12
200
153
12
182
135
0
179
132
0
174
127
0
193
146
5
189
142
1
185
138
0
170
123
0
198
151
10
192
145
4
200
153
12
193
146
5
171
124
0
189
142
1
30
30
30
52
52
52
51
51
51
53
53
53
47
47
47
160
110
0
174
124
0
151
101
0
152
102
0
167
117
0
164
114
0
171
121
0
162
112
0
154
104
0
170
120
0
173
123
0
159
109
0
173
123
0
155
105
0
156
106
0
164
114
0
173
123
0
171
121
0
166
116
0
174
124
0
167
117
0
180
130
0
176
126
0
172
122
0
174
124
0
172
122
0
178
128
0
168
118
0
179
129
0
171
121
0
186
139
0
186
139
0
49
49
49
51
51
51
47
47
47
44
44
44
242
60
168
242
60
168
241
60
168
242
59
168
243
59
168
241
60
167
243
59
168
242
60
167
242
59
167
243
59
168
241
60
167
242
59
167
242
60
166
242
60
166
242
59
167
243
59
166
242
59
166
242
60
166
242
58
167
242
59
166
242
59
166
243
59
165
242
60
165
243
60
164
242
59
166
242
59
165
242
59
165
242
59
165
243
58
165
175
125
0
162
112
0
190
143
2
24
24
24
47
47
47
45
45
45
45
45
45
243
59
163
242
59
164
243
59
164
243
58
164
243
59
163
243
59
163
243
60
163
242
60
163
243
58
163
243
59
163
243
59
162
242
60
162
242
59
162
242
59
163
242
59
162
242
59
162
243
59
162
243
59
161
243
59
161
243
59
161
242
59
162
242
59
162
243
59
162
242
59
162
242
59
162
243
59
162
243
59
161
243
59
161
243
59
161
243
60
159
179
129
0
191
144
3
23
23
23
47
47
47
43
43
43
48
48
48
243
59
160
244
59
159
243
59
159
243
59
160
243
59
159
242
60
158
247
134
194
243
59
159
244
59
158
243
59
159
243
60
158
243
59
158
243
59
158
243
59
158
242
60
157
243
60
157
243
60
157
244
59
156
243
59
157
242
60
156
242
60
157
243
60
157
243
60
157
242
60
157
243
60
157
243
60
157
244
59
156
243
59
157
242
60
156
244
59
156
179
129
0
196
149
8
22
22
22
41
41
41
46
46
46
42
42
42
243
60
154
243
60
154
243
60
154
244
60
154
243
59
155
243
59
155
243
59
154
243
59
154
243
59
154
244
59
153
244
58
154
243
59
154
243
59
153
244
59
153
244
59
153
243
60
152
243
60
152
243
59
153
244
59
152
243
60
152
244
59
153
243
60
152
243
60
152
244
59
153
243
60
152
243
60
152
243
59
153
244
59
152
243
60
152
244
59
150
162
112
0
194
147
6
12
12
12
36
36
36
30
30
30
30
30
30
243
59
151
244
59
150
244
60
150
244
60
150
244
59
150
244
59
149
243
60
149
244
59
148
243
60
149
243
60
148
244
60
148
244
58
149
244
60
148
247
133
188
243
60
148
244
59
148
244
59
148
244
60
147
244
60
147
244
60
147
243
60
148
244
59
148
244
59
148
243
60
148
244
59
148
247
133
188
244
60
147
244
60
147
244
60
147
244
60
146
171
121
0
187
140
0
0
27
0
43
43
43
38
38
38
30
30
30
245
59
145
244
60
146
243
60
146
244
60
144
244
59
146
244
60
145
244
60
144
244
59
145
244
59
144
244
59
145
245
59
144
244
59
144
244
60
143
244
60
143
245
59
144
244
60
143
244
60
142
244
59
143
244
60
143
244
59
142
245
59
144
244
60
143
244
60
142
245
59
144
244
60
143
244
60
142
244
59
143
244
60
143
244
59
142
244
60
141
166
116
0
178
131
0
22
22
22
0
55
0
0
55
0
30
30
30
244
60
140
248
133
183
244
60
141
245
59
141
245
59
141
244
60
140
245
60
140
244
59
140
244
59
140
244
59
140
244
59
140
244
59
139
245
60
139
245
60
138
244
59
139
244
60
139
244
60
139
244
59
138
244
60
137
245
60
138
244
59
139
244
60
139
244
60
139
244
59
139
244
60
139
244
60
139
244
59
138
244
60
137
245
60
138
245
59
137
160
110
0
194
147
6
0
27
0
38
38
38
39
39
39
0
54
0
245
60
136
245
60
136
244
60
136
246
59
136
245
59
136
245
60
135
245
59
135
245
59
136
245
59
135
245
59
136
245
59
135
245
59
134
244
60
135
245
59
134
245
59
134
245
59
134
245
60
134
244
60
134
245
59
134
245
60
133
245
59
134
245
59
134
245
60
134
245
59
134
245
59
134
245
60
134
244
60
134
245
59
134
245
60
133
244
60
132
172
122
0
208
161
20
0
22
0
39
39
39
35
35
35
0
60
0
255
167
0
255
166
0
255
165
0
255
167
0
255
169
0
245
60
130
245
59
131
244
60
131
245
60
130
245
60
130
246
59
130
245
60
130
245
59
130
249
133
177
245
60
129
246
59
130
246
59
130
245
59
130
245
59
129
245
60
129
248
134
176
246
60
129
245
60
128
246
60
128
245
60
128
245
60
128
245
60
128
245
59
128
246
59
127
246
60
128
155
105
0
184
137
0
19
19
19
36
36
36
34
34
34
32
32
32
255
159
0
255
157
0
255
157
0
255
158
0
255
162
0
255
166
0
246
59
126
246
60
126
248
134
175
246
59
125
246
60
125
246
60
125
246
60
125
246
60
125
245
60
125
245
60
125
246
59
125
245
59
125
246
60
124
246
60
124
246
59
124
245
60
124
247
59
124
246
60
123
246
60
122
246
59
123
247
59
123
246
59
123
246
60
122
246
59
123
169
118
0
190
143
2
18
18
18
30
30
30
30
30
30
30
30
30
255
151
0
255
148
0
255
148
0
255
150
0
255
154
0
255
159
0
255
165
0
246
59
121
246
59
122
246
60
120
246
59
121
247
59
121
247
60
121
246
60
120
246
60
120
246
60
120
245
60
120
246
60
120
246
60
120
246
60
119
246
59
120
246
60
119
246
60
119
246
60
118
246
60
119
247
59
119
246
60
118
246
60
118
246
60
119
246
59
118
175
125
0
193
146
5
25
25
25
51
51
51
53
53
53
47
47
47
255
143
0
255
140
0
255
140
0
255
142
0
255
147
0
255
153
0
255
160
0
255
167
0
247
59
117
246
60
116
246
60
116
247
59
117
246
61
115
246
59
116
246
60
115
246
60
115
247
59
115
246
60
115
247
59
116
247
59
115
246
60
115
247
60
115
246
60
114
247
60
114
247
59
115
247
60
114
247
60
114
246
60
114
247
60
113
247
60
114
155
105
0
195
148
7
24
24
24
51
51
51
47
47
47
44
44
44
255
136
0
255
132
0
255
132
0
255
135
0
255
141
0
255
148
0
255
155
0
255
163
0
247
59
112
247
60
112
246
60
112
247
59
111
247
59
111
247
60
110
247
59
112
247
59
111
247
59
111
247
60
111
250
134
165
247
60
110
247
59
110
246
60
110
246
60
110
247
60
110
246
60
110
247
60
110
250
134
163
247
61
109
248
59
109
247
60
109
158
108
0
193
146
5
24
24
24
47
47
47
45
45
45
45
45
45
18
106
0
17
104
0
16
104
0
255
129
0
255
136
0
255
144
0
255
152
0
255
161
0
248
60
107
247
59
108
248
60
107
247
60
106
247
60
106
248
60
107
247
60
106
247
60
106
247
59
107
247
60
106
248
59
106
247
60
105
247
60
106
247
59
105
248
60
104
247
60
105
248
60
105
247
60
105
247
59
105
247
60
105
248
59
104
248
59
104
171
121
0
192
145
4
23
23
23
47
47
47
43
43
43
48
48
48
16
100
0
16
100
0
16
99
0
16
99
0
16
99
0
255
143
0
255
151
0
255
160
0
248
60
103
248
59
102
248
60
102
248
60
103
247
61
102
248
60
102
247
60
102
248
60
101
248
60
101
248
60
101
247
60
101
247
60
101
248
60
100
248
60
101
248
60
100
248
61
100
248
61
99
248
60
100
248
61
99
247
60
100
248
60
99
249
59
100
164
114
0
197
150
9
22
22
22
41
41
41
46
46
46
42
42
42
16
96
0
14
94
0
15
95
0
15
95
0
15
96
0
15
95
0
15
95
0
13
92
0
16
95
0
17
96
0
15
94
0
248
60
97
248
60
97
248
60
97
248
59
97
249
60
97
248
60
97
248
61
96
248
60
97
248
60
97
248
60
96
248
60
96
248
61
95
248
60
95
248
60
96
248
60
95
248
59
96
249
59
95
248
59
95
14
90
0
166
116
0
183
136
0
14
14
14
37
37
37
28
28
28
30
30
30
15
93
0
13
90
0
14
91
0
11
88
0
11
87
0
13
89
0
17
93
0
15
91
0
15
91
0
12
88
0
14
90
0
15
90
0
15
90
0
14
89
0
14
88
0
248
60
92
248
60
93
248
60
91
248
61
91
248
60
91
248
60
92
249
60
91
249
60
90
248
60
91
248
60
91
249
60
91
248
60
91
13
85
0
14
86
0
13
85
0
170
120
0
180
133
0
21
21
21
43
43
43
38
38
38
33
33
33
14
88
0
16
90
0
13
87
0
13
86
0
14
87
0
13
87
0
13
87
0
14
86
0
13
85
0
14
86
0
13
85
0
15
87
0
14
86
0
15
87
0
14
85
0
13
85
0
11
83
0
13
85
0
12
82
0
13
84
0
10
81
0
12
82
0
13
84
0
13
83
0
13
83
0
13
83
0
13
82
0
15
84
0
12
81
0
13
82
0
155
105
0
189
142
1
22
22
22
0
68
4
0
34
0
31
31
31
13
84
0
13
84
0
13
84
0
13
83
0
16
86
0
12
81
0
13
82
0
13
82
0
11
80
0
13
83
0
13
83
0
13
82
0
13
81
0
11
80
0
12
80
0
13
81
0
13
81
0
13
81
0
11
79
0
11
78
0
13
81
0
12
80
0
14
81
0
13
80
0
13
79
0
10
76
0
14
80
0
10
76
0
12
78
0
12
78
0
159
109
0
192
145
4
19
19
19
38
38
38
39
39
39
0
55
0
12
80
0
13
81
0
12
79
0
11
78
0
12
79
0
13
79
0
11
77
0
12
78
0
14
80
0
12
78
0
13
78
0
11
76
0
12
78
0
14
79
0
13
78
0
12
77
0
12
77
0
9
75
0
14
78
0
12
76
0
12
76
0
10
73
0
10
74
0
13
77
0
12
75
0
12
75
0
9
72
0
11
75
0
9
71
0
169
118
0
173
123
0
189
142
1
19
19
19
39
39
39
0
55
0
30
30
30
165
115
0
167
117
0
157
107
0
157
107
0
172
122
0
178
128
0
168
118
0
155
105
0
160
110
0
163
113
0
174
124
0
156
106
0
165
115
0
164
114
0
159
109
0
167
117
0
170
120
0
161
111
0
174
124
0
162
112
0
170
120
0
168
118
0
171
121
0
174
124
0
168
118
0
162
112
0
162
112
0
163
113
0
164
114
0
160
110
0
198
151
10
200
153
12
19
19
19
36
36
36
34
34
34
30
30
30
184
137
0
184
137
0
195
148
7
196
149
8
196
149
8
177
130
0
194
147
6
178
131
0
180
133
0
190
143
2
187
140
0
184
137
0
173
126
0
181
134
0
190
143
2
190
143
2
197
150
9
185
138
0
190
143
2
176
129
0
195
148
7
196
149
8
195
148
7
167
120
0
191
144
3
187
140
0
190
143
2
184
137
0
172
125
0
205
158
17
197
150
9
14
14
14
24
24
24
30
30
30
30
30
30
30
30
30
22
22
22
21
21
21
21
21
21
18
18
18
14
14
14
25
25
25
25
25
25
26
26
26
23
23
23
22
22
22
21
21
21
21
21
21
18
18
18
17
17
17
25
25
25
25
25
25
26
26
26
23
23
23
0
31
0
21
21
21
21
21
21
18
18
18
17
17
17
25
25
25
25
25
25
26
26
26
23
23
23
22
22
22
21
21
21
21
21
21
18
18
18
38
38
38
52
52
52
51
51
51
53
53
53
47
47
47
44
44
44
46
46
46
39
39
39
38
38
38
30
30
30
49
49
49
51
51
51
47
47
47
44
44
44
44
44
44
46
46
46
39
39
39
38
38
38
37
37
37
49
49
49
51
51
51
47
47
47
44
44
44
44
44
44
0
49
0
39
39
39
38
38
38
25
25
25
49
49
49
51
51
51
47
47
47
44
44
44
44
44
44
46
46
46
39
39
39
38
38
38
36
36
36
49
49
49
51
51
51
47
47
47
44
44
44
43
43
43
39
39
39
38
38
38
39
39
39
24
24
24
49
49
49
47
47
47
45
45
45
45
45
45
43
43
43
39
39
39
38
38
38
39
39
39
28
28
28
49
49
49
47
47
47
45
45
45
45
45
45
43
43
43
39
39
39
38
38
38
39
39
39
30
30
30
49
49
49
47
47
47
45
45
45
45
45
45
43
43
43
0
51
0
0
55
0
39
39
39
30
30
30
49
49
49
47
47
47
45
45
45
45
45
45
39
39
39
39
39
39
39
39
39
35
35
35
32
32
32
47
47
47
47
47
47
43
43
43
48
48
48
39
39
39
39
39
39
39
39
39
35
35
35
0
49
0
47
47
47
47
47
47
43
43
43
48
48
48
39
39
39
39
39
39
39
39
39
35
35
35
22
22
22
47
47
47
47
47
47
43
43
43
48
48
48
0
60
0
39
39
39
39
39
39
35
35
35
30
30
30
47
47
47
47
47
47
43
43
43
48
48
48
36
36
36
40
40
40
36
36
36
34
34
34
33
33
33
46
46
46
41
41
41
46
46
46
42
42
42
0
61
0
0
66
2
36
36
36
0
55
0
30
30
30
46
46
46
41
41
41
46
46
46
42
42
42
36
36
36
40
40
40
36
36
36
34
34
34
30
30
30
46
46
46
41
41
41
46
46
46
42
42
42
36
36
36
0
61
0
36
36
36
34
34
34
30
30
30
46
46
46
0
69
4
46
46
46
42
42
42
30
30
30
24
24
24
29
29
29
20
20
20
30
30
30
30
30
30
30
30
30
34
34
34
0
55
0
30
30
30
33
33
33
0
55
0
30
30
30
0
49
0
0
50
0
28
28
28
40
40
40
24
24
24
29
29
29
30
30
30
25
25
25
30
30
30
30
30
30
31
31
31
30
30
30
30
30
30
33
33
33
33
33
33
37
37
37
30
30
30
30
30
30
28
28
28
24
24
24
29
29
29
30
30
30
30
30
30
