P3
36 36
255
85
85
85
86
86
86
78
78
78
79
79
79
81
81
81
89
89
89
77
77
77
70
70
70
77
77
77
72
72
72
72
72
72
80
80
80
69
69
69
70
70
70
68
68
68
71
71
71
65
65
65
52
52
52
89
89
89
79
79
79
79
79
79
82
82
82
75
75
75
80
80
80
77
77
77
73
73
73
74
74
74
73
73
73
75
75
75
73
73
73
67
67
67
70
70
70
65
65
65
73
73
73
64
64
64
52
52
52
88
88
88
77
77
77
86
86
86
78
78
78
77
77
77
78
78
78
78
78
78
78
78
78
73
73
73
69
69
69
70
70
70
72
72
72
63
63
63
62
62
62
70
70
70
67
67
67
60
60
60
52
52
52
88
88
88
80
80
80
82
82
82
81
81
81
77
77
77
78
78
78
77
77
77
74
74
74
65
65
65
73
73
73
71
71
71
74
74
74
69
69
69
68
68
68
70
70
70
70
70
70
64
64
64
52
52
52
86
86
86
83
83
83
78
78
78
84
84
84
77
77
77
79
79
79
80
80
80
71
71
71
78
78
78
71
71
71
72
72
72
67
67
67
71
71
71
66
66
66
60
60
60
66
66
66
65
65
65
55
55
55
89
89
89
83
83
83
84
84
84
85
85
85
84
84
84
78
78
78
78
78
78
70
70
70
70
70
70
71
71
71
70
70
70
71
71
71
66
66
66
66
66
66
65
65
65
70
70
70
62
62
62
52
52
52
87
87
87
78
78
78
84
84
84
80
80
80
74
74
74
76
76
76
72
72
72
77
77
77
73
73
73
74
74
74
70
70
70
66
66
66
70
70
70
66
66
66
65
65
65
62
62
62
56
56
56
52
52
52
83
83
83
88
88
88
77
77
77
77
77
77
80
80
80
78
78
78
74
74
74
75
75
75
78
78
78
77
77
77
72
72
72
68
68
68
69
69
69
66
66
66
63
63
63
62
62
62
65
65
65
56
56
56
82
82
82
78
78
78
79
79
79
67
67
67
72
42
23
64
34
15
67
37
18
65
35
16
70
40
21
65
35
16
66
36
17
68
38
19
69
39
20
71
41
22
68
38
19
68
38
19
64
34
15
68
38
19
70
40
21
66
36
17
63
33
14
67
37
18
69
39
20
65
35
16
69
39
20
69
39
20
69
39
20
75
45
26
66
36
17
69
39
20
63
33
14
71
41
22
63
63
63
62
62
62
66
66
66
48
48
48
78
78
78
83
83
83
78
78
78
80
80
80
68
38
19
50
31
15
47
28
12
46
27
11
51
32
16
50
31
15
54
35
19
44
25
9
49
30
14
44
25
9
48
29
13
48
29
13
52
33
17
46
27
11
49
30
14
49
30
14
50
31
15
45
26
10
46
27
11
46
27
11
46
27
11
49
30
14
48
29
13
51
32
16
49
30
14
49
30
14
50
31
15
74
44
25
68
68
68
64
64
64
61
61
61
48
48
48
82
82
82
78
78
78
83
83
83
79
79
79
66
36
17
50
31
15
64
34
15
66
36
17
65
35
16
75
45
26
72
42
23
66
36
17
65
35
16
65
35
16
67
37
18
63
33
14
67
37
18
63
33
14
69
39
20
68
38
19
68
38
19
69
39
20
64
34
15
70
40
21
68
38
19
70
40
21
68
38
19
68
38
19
67
37
18
66
36
17
49
30
14
70
40
21
62
62
62
66
66
66
59
59
59
51
51
51
84
84
84
80
80
80
79
79
79
81
81
81
65
35
16
48
29
13
66
36
17
16
102
148
17
101
148
17
102
148
17
102
148
16
102
149
15
102
148
17
101
148
17
102
148
16
101
148
16
102
148
68
38
19
69
39
20
17
102
148
16
101
148
15
102
148
16
102
147
16
102
148
16
102
148
17
101
149
17
102
148
16
101
148
16
102
148
68
38
19
54
35
19
72
42
23
59
59
59
61
61
61
63
63
63
46
46
46
53
53
53
54
54
54
52
52
52
51
51
51
69
39
20
46
27
11
67
37
18
16
99
145
16
99
145
255
255
255
255
255
255
16
99
145
15
99
145
16
99
145
16
99
145
16
98
145
16
99
145
69
39
20
71
41
22
16
99
145
16
98
145
255
255
255
255
255
255
15
99
145
15
99
144
15
99
145
16
99
144
16
99
144
16
98
145
70
40
21
50
31
15
64
34
15
49
49
49
49
49
49
48
48
48
49
49
49
75
75
75
74
74
74
75
75
75
67
67
67
74
44
25
46
27
11
69
39
20
15
96
142
255
255
255
16
96
141
15
96
141
15
97
141
15
96
142
16
96
142
16
97
142
16
95
142
16
95
142
67
37
18
66
36
17
16
95
142
255
255
255
16
96
141
15
95
141
15
96
141
16
96
141
16
96
141
15
96
141
16
96
141
15
96
142
65
35
16
45
26
10
70
40
21
83
83
83
73
73
73
68
68
68
75
75
75
74
74
74
76
76
76
73
73
73
67
67
67
66
36
17
46
27
11
68
38
19
15
93
139
16
93
139
16
93
139
255
255
255
255
255
255
255
255
255
15
93
138
15
93
138
15
93
138
16
93
138
70
40
21
65
35
16
15
94
138
16
93
138
15
92
138
255
255
255
255
255
255
255
255
255
15
93
138
16
93
138
16
92
139
15
92
139
70
40
21
50
31
15
67
37
18
75
75
75
77
77
77
78
78
78
75
75
75
70
70
70
62
62
62
66
66
66
65
65
65
73
43
24
46
27
11
71
41
22
15
89
136
16
89
135
255
255
255
15
89
136
15
90
135
15
90
135
15
89
136
16
89
135
15
90
134
15
90
135
64
34
15
68
38
19
15
89
135
15
89
135
255
255
255
15
90
134
14
90
135
15
89
135
15
89
135
15
90
134
15
90
135
15
89
134
66
36
17
46
27
11
68
38
19
75
75
75
79
79
79
71
71
71
73
73
73
74
74
74
70
70
70
66
66
66
71
71
71
68
38
19
51
32
16
66
36
17
15
87
132
14
87
132
14
87
132
16
87
131
15
87
132
16
86
132
15
87
132
16
87
131
15
86
132
15
86
132
66
36
17
64
34
15
15
86
132
15
86
132
15
86
132
15
87
132
14
87
132
16
86
131
15
87
131
15
87
131
15
86
132
15
87
132
72
42
23
50
31
15
67
37
18
75
75
75
75
75
75
75
75
75
74
74
74
71
71
71
66
66
66
71
71
71
67
67
67
72
42
23
49
30
14
69
39
20
15
84
128
15
83
129
15
84
129
15
84
128
15
84
128
15
83
129
15
84
128
14
84
129
15
83
129
15
83
129
67
37
18
64
34
15
15
84
128
15
83
129
15
83
129
14
84
128
15
83
129
15
84
128
15
84
129
14
83
129
14
84
128
15
83
129
67
37
18
49
30
14
64
34
15
78
78
78
71
71
71
77
77
77
72
72
72
68
68
68
69
69
69
66
66
66
61
61
61
68
38
19
46
27
11
65
35
16
14
80
126
15
80
126
15
81
125
15
81
126
14
81
125
15
80
126
15
80
125
15
81
125
15
81
125
14
80
125
68
38
19
74
44
25
15
80
126
14
80
126
14
80
125
15
80
125
15
81
125
15
80
125
14
81
125
14
80
125
15
80
125
14
80
125
72
42
23
49
30
14
64
34
15
81
81
81
73
73
73
73
73
73
70
70
70
72
72
72
74
74
74
66
66
66
72
72
72
66
36
17
46
27
11
69
39
20
14
77
123
13
78
122
14
77
122
14
77
123
14
78
122
13
78
122
14
77
123
13
78
123
13
78
122
14
77
123
66
36
17
68
38
19
14
77
123
14
77
122
15
77
122
14
78
122
15
77
122
14
78
122
14
77
122
14
77
122
15
77
122
14
78
121
67
37
18
48
29
13
67
37
18
80
80
80
69
69
69
69
69
69
72
72
72
65
65
65
67
67
67
68
68
68
62
62
62
70
40
21
49
30
14
72
42
23
14
75
119
15
74
119
14
74
120
14
74
119
14
74
119
13
75
119
14
74
119
13
74
120
13
75
119
14
74
119
66
36
17
69
39
20
15
74
119
14
74
118
14
74
118
14
74
119
13
75
118
14
74
119
14
75
119
15
73
119
13
75
119
14
74
119
63
33
14
48
29
13
67
37
18
76
76
76
73
73
73
71
71
71
66
66
66
49
49
49
49
49
49
48
48
48
49
49
49
67
37
18
51
32
16
71
41
22
14
71
115
14
71
116
13
71
116
14
71
115
14
71
116
14
71
116
14
72
116
13
72
115
14
72
115
13
72
116
64
34
15
68
38
19
13
72
116
13
71
116
14
71
115
14
71
115
14
71
115
13
71
116
14
71
116
14
72
115
13
71
116
13
71
116
66
36
17
48
29
13
68
38
19
52
52
52
52
52
52
52
52
52
56
56
56
90
90
90
81
81
81
83
83
83
82
82
82
68
38
19
55
36
20
67
37
18
13
68
113
14
68
113
14
68
112
14
68
112
13
69
112
13
68
112
13
68
112
13
68
113
13
68
112
13
69
113
67
37
18
65
35
16
14
68
113
13
69
112
14
67
112
13
69
112
14
68
112
13
69
112
14
68
112
13
68
113
14
67
112
13
68
112
67
37
18
50
31
15
68
38
19
66
66
66
70
70
70
60
60
60
53
53
53
88
88
88
79
79
79
80
80
80
81
81
81
75
45
26
45
26
10
64
34
15
14
65
109
13
65
109
13
65
109
13
65
109
13
65
110
13
65
109
13
66
109
13
66
109
14
65
108
14
65
109
64
64
64
60
60
60
13
66
108
13
66
109
13
65
109
13
65
109
13
65
109
13
65
109
13
65
109
13
65
109
14
65
109
13
65
109
66
36
17
45
26
10
68
38
19
66
66
66
67
67
67
66
66
66
52
52
52
89
89
89
81
81
81
80
80
80
88
88
88
68
38
19
49
30
14
69
39
20
13
62
107
13
63
106
12
62
106
13
62
106
13
61
106
13
61
107
13
63
106
13
62
105
13
63
106
13
62
106
58
58
58
58
58
58
13
61
106
13
62
106
13
62
105
13
62
106
13
62
106
13
61
106
14
62
106
13
63
106
13
62
106
12
63
106
70
40
21
50
31
15
71
41
22
66
66
66
66
66
66
64
64
64
55
55
55
79
79
79
82
82
82
80
80
80
77
77
77
66
36
17
50
31
15
66
36
17
12
59
103
12
59
103
12
60
102
12
59
103
13
60
103
12
59
103
13
59
103
13
59
103
13
59
103
13
60
102
69
69
69
66
66
66
12
59
103
13
59
103
12
59
103
13
59
102
12
59
102
12
59
103
12
59
103
13
59
103
13
59
102
14
59
102
73
43
24
54
35
19
69
39
20
62
62
62
59
59
59
64
64
64
52
52
52
86
86
86
80
80
80
81
81
81
74
74
74
65
35
16
48
29
13
68
38
19
13
56
100
12
56
100
12
56
100
13
55
100
12
56
100
13
55
100
13
56
99
12
56
100
13
56
99
13
56
99
68
38
19
70
40
21
12
56
99
12
56
99
12
56
98
12
57
99
13
55
100
12
56
99
13
56
99
12
56
99
12
57
99
13
55
99
61
31
12
49
30
14
70
40
21
62
62
62
64
64
64
64
64
64
49
49
49
77
77
77
85
85
85
79
79
79
78
78
78
68
38
19
47
28
12
62
32
13
12
53
97
13
53
97
11
54
96
12
53
97
12
53
97
12
53
96
12
53
96
12
53
97
12
53
96
12
52
97
70
40
21
70
40
21
12
53
96
13
52
96
12
53
96
12
52
96
13
52
96
12
53
96
12
53
95
12
53
95
12
53
96
12
52
96
64
34
15
47
28
12
65
35
16
61
61
61
66
66
66
59
59
59
51
51
51
81
81
81
74
74
74
85
85
85
78
78
78
73
43
24
46
27
11
69
39
20
12
50
93
13
50
94
11
50
93
12
51
93
12
50
93
12
50
94
12
50
94
12
50
93
11
50
93
12
50
92
69
39
20
66
36
17
11
50
93
12
49
93
12
50
93
12
49
93
11
50
93
11
50
93
12
49
93
12
50
93
12
49
93
12
50
93
66
36
17
48
29
13
69
39
20
61
61
61
60
60
60
62
62
62
51
51
51
82
82
82
78
78
78
74
74
74
84
84
84
64
34
15
46
27
11
73
43
24
12
46
90
12
47
90
11
47
90
12
47
89
11
47
91
12
47
89
12
47
90
12
47
90
12
46
90
11
47
89
65
35
16
63
33
14
12
47
90
12
47
90
11
47
90
11
47
90
12
46
90
12
47
89
12
47
89
12
46
90
11
47
90
11
47
89
64
34
15
47
28
12
65
35
16
59
59
59
59
59
59
70
70
70
48
48
48
52
52
52
52
52
52
53
53
53
52
52
52
67
37
18
52
33
17
69
39
20
11
44
87
11
45
86
12
44
87
11
44
87
11
44
86
11
44
87
11
44
86
12
44
86
255
255
255
12
44
86
69
39
20
69
39
20
11
44
86
11
44
87
11
44
87
11
44
87
12
44
86
12
43
87
11
44
87
12
44
85
255
255
255
11
44
86
64
34
15
50
31
15
67
37
18
47
47
47
49
49
49
49
49
49
50
50
50
68
68
68
77
77
77
70
70
70
72
72
72
68
38
19
47
28
12
70
40
21
11
41
83
11
41
83
11
41
83
12
41
83
11
41
84
10
42
82
11
40
84
255
255
255
11
41
83
11
40
84
71
41
22
66
36
17
11
41
83
11
40
83
11
41
83
11
41
84
11
40
84
11
41
83
12
40
83
255
255
255
11
40
83
11
40
83
66
36
17
47
28
12
66
36
17
81
81
81
81
81
81
77
77
77
77
77
77
71
71
71
77
77
77
70
70
70
68
68
68
67
37
18
46
27
11
65
35
16
11
38
80
11
37
80
10
38
80
11
38
80
12
37
81
11
38
80
11
38
80
11
38
80
11
37
80
11
37
80
69
39
20
66
36
17
11
37
80
10
38
80
11
38
80
11
38
79
12
37
80
11
38
80
11
37
80
10
37
80
12
36
81
11
37
80
70
40
21
42
23
7
68
38
19
79
79
79
77
77
77
73
73
73
72
72
72
71
71
71
73
73
73
70
70
70
68
68
68
67
37
18
45
26
10
66
36
17
70
40
21
67
37
18
72
42
23
70
40
21
68
38
19
64
34
15
75
45
26
68
38
19
69
39
20
69
39
20
65
35
16
67
37
18
65
35
16
71
41
22
68
38
19
71
41
22
67
37
18
67
37
18
69
39
20
70
40
21
67
37
18
67
37
18
66
36
17
48
29
13
66
36
17
77
77
77
76
76
76
71
71
71
70
70
70
72
72
72
70
70
70
68
68
68
67
67
67
67
37
18
49
30
14
49
30
14
49
30
14
56
37
21
52
33
17
48
29
13
50
31
15
52
33
17
46
27
11
47
28
12
46
27
11
49
30
14
47
28
12
46
27
11
44
25
9
48
29
13
52
33
17
45
26
10
54
35
19
43
24
8
49
30
14
52
33
17
48
29
13
48
29
13
47
28
12
46
27
11
66
36
17
79
79
79
75
75
75
74
74
74
80
80
80
67
67
67
68
68
68
66
66
66
68
68
68
71
41
22
68
38
19
65
35
16
70
40
21
68
38
19
65
35
16
65
35
16
71
41
22
66
36
17
72
42
23
74
44
25
69
39
20
70
40
21
67
37
18
68
38
19
66
36
17
67
37
18
66
36
17
69
39
20
68
38
19
66
36
17
70
40
21
64
34
15
67
37
18
66
36
17
66
36
17
70
40
21
69
39
20
75
75
75
71
71
71
77
77
77
72
72
72
70
70
70
63
63
63
73
73
73
69
69
69
61
61
61
68
68
68
67
67
67
65
65
65
49
49
49
76
76
76
84
84
84
78
78
78
74
74
74
79
79
79
76
76
76
73
73
73
74
74
74
70
70
70
68
68
68
70
70
70
68
68
68
65
65
65
64
64
64
67
67
67
59
59
59
66
66
66
49
49
49
78
78
78
84
84
84
78
78
78
72
72
72
81
81
81
73
73
73
68
68
68
72
72
72
71
71
71
72
72
72
69
69
69
66
66
66
72
72
72
65
65
65
64
64
64
60
60
60
58
58
58
47
47
47
82
82
82
74
74
74
78
78
78
77
77
77
72
72
72
78
78
78
73
73
73
72
72
72
71
71
71
69
69
69
71
71
71
62
62
62
69
69
69
65
65
65
65
65
65
59
59
59
57
57
57
50
50
50
84
84
84
72
72
72
88
88
88
83
83
83
70
70
70
77
77
77
71
71
71
71
71
71
73
73
73
66
66
66
69
69
69
70
70
70
65
65
65
62
62
62
60
60
60
62
62
62
65
65
65
48
48
48
84
84
84
83
83
83
74
74
74
81
81
81
73
73
73
74
74
74
71
71
71
72
72
72
68
68
68
65
65
65
72
72
72
66
66
66
62
62
62
63
63
63
62
62
62
62
62
62
65
65
65
48
48
48
82
82
82
80
80
80
77
77
77
86
86
86
75
75
75
76
76
76
75
75
75
70
70
70
66
66
66
49
49
49
48
48
48
49
49
49
49
49
49
47
47
47
46
46
46
48
48
48
50
50
50
49
49
49
54
54
54
53
53
53
55
55
55
56
56
56
52
52
52
52
52
52
54
54
54
52
52
52
55
55
55
49
49
49
47
47
47
51
51
51
47
47
47
49
49
49
50
50
50
49
49
49
49
49
49
48
48
48
54
54
54
53
53
53
53
53
53
54
54
54
52
52
52
53
53
53
53
53
53
54
54
54
55
55
55
