P3
36 36
255
52
52
52
51
51
51
53
53
53
47
47
47
45
45
45
43
43
43
43
43
43
38
38
38
30
30
30
52
52
52
51
51
51
53
53
53
47
47
47
45
45
45
43
43
43
43
43
43
38
38
38
30
30
30
52
52
52
51
51
51
53
53
53
47
47
47
45
45
45
43
43
43
43
43
43
38
38
38
35
35
35
52
52
52
51
51
51
53
53
53
47
47
47
0
56
0
43
43
43
0
59
0
38
38
38
30
30
30
49
49
49
51
51
51
47
47
47
44
44
44
44
44
44
46
46
46
39
39
39
38
38
38
0
47
0
49
49
49
51
51
51
47
47
47
44
44
44
44
44
44
46
46
46
39
39
39
38
38
38
24
24
24
49
49
49
51
51
51
47
47
47
44
44
44
44
44
44
46
46
46
39
39
39
38
38
38
21
21
21
49
49
49
51
51
51
47
47
47
44
44
44
44
44
44
46
46
46
0
56
0
38
38
38
0
55
0
0
55
0
47
47
47
45
45
45
45
45
45
43
43
43
39
39
39
38
38
38
39
39
39
30
30
30
0
45
0
47
47
47
45
45
45
45
45
45
43
43
43
39
39
39
38
38
38
39
39
39
30
30
30
49
49
49
47
47
47
45
45
45
45
45
45
43
43
43
39
39
39
38
38
38
0
43
0
39
39
39
49
49
49
47
47
47
45
45
45
45
45
45
43
43
43
39
39
39
38
38
38
0
48
0
30
30
30
47
47
47
0
55
0
43
43
43
48
48
48
39
39
39
39
39
39
39
39
39
35
35
35
31
31
31
47
47
47
47
47
47
43
43
43
48
48
48
39
39
39
39
39
39
39
39
39
35
35
35
0
55
0
47
47
47
47
47
47
43
43
43
48
48
48
39
39
39
39
39
39
39
39
39
35
35
35
0
55
0
47
47
47
47
47
47
43
43
43
48
48
48
39
39
39
39
39
39
0
50
0
35
35
35
0
62
0
0
45
0
41
41
41
0
61
0
42
42
42
56
44
22
49
38
16
52
40
18
50
38
17
54
42
21
50
38
17
51
39
17
52
41
19
53
42
20
55
43
21
52
41
19
52
41
19
49
38
16
52
41
19
54
42
21
51
39
17
48
37
15
52
40
18
53
42
20
50
38
17
53
42
20
53
42
20
53
42
20
58
47
25
51
39
17
53
42
20
48
37
15
55
43
21
0
50
0
36
36
36
34
34
34
30
30
30
30
30
30
28
28
28
0
55
0
30
30
30
52
41
19
39
32
15
36
30
12
35
29
11
39
33
16
39
32
15
42
35
18
34
27
10
38
31
14
34
27
10
37
30
13
37
30
13
40
34
16
35
29
11
38
31
14
38
31
14
39
32
15
34
28
11
35
29
11
35
29
11
35
29
11
38
31
14
37
30
13
39
33
16
38
31
14
38
31
14
39
32
15
57
46
24
0
55
0
24
24
24
28
28
28
34
34
34
45
45
45
43
43
43
43
43
43
0
50
0
51
39
17
39
32
15
49
38
16
51
39
17
50
38
17
58
47
25
56
44
22
51
39
17
50
38
17
50
38
17
52
40
18
48
37
15
52
40
18
48
37
15
53
42
20
52
41
19
52
41
19
53
42
20
49
38
16
54
42
21
52
41
19
54
42
21
52
41
19
52
41
19
52
40
18
51
39
17
38
31
14
54
42
21
52
52
52
51
51
51
53
53
53
47
47
47
44
44
44
46
46
46
0
45
0
38
38
38
50
38
17
37
30
13
51
39
17
16
102
148
17
101
148
17
102
148
17
102
148
16
102
149
15
102
148
17
101
148
17
102
148
16
101
148
16
102
148
52
41
19
53
42
20
17
102
148
16
101
148
15
102
148
16
102
147
16
102
148
16
102
148
17
101
149
17
102
148
16
101
148
16
102
148
52
41
19
42
35
18
56
44
22
49
49
49
51
51
51
47
47
47
44
44
44
43
43
43
39
39
39
0
60
0
39
39
39
53
42
20
35
29
11
52
40
18
16
99
145
16
99
145
255
255
255
255
255
255
16
99
145
15
99
145
16
99
145
16
99
145
16
98
145
16
99
145
53
42
20
55
43
21
16
99
145
16
98
145
255
255
255
255
255
255
15
99
145
15
99
144
15
99
145
16
99
144
16
99
144
16
98
145
54
42
21
39
32
15
49
38
16
49
49
49
47
47
47
45
45
45
45
45
45
39
39
39
39
39
39
0
71
6
35
35
35
57
46
24
35
29
11
53
42
20
15
96
142
255
255
255
16
96
141
15
96
141
15
97
141
15
96
142
16
96
142
16
97
142
16
95
142
16
95
142
52
40
18
51
39
17
16
95
142
255
255
255
16
96
141
15
95
141
15
96
141
16
96
141
16
96
141
15
96
141
16
96
141
15
96
142
50
38
17
34
28
11
54
42
21
47
47
47
47
47
47
43
43
43
48
48
48
36
36
36
0
55
0
36
36
36
34
34
34
51
39
17
35
29
11
52
41
19
15
93
139
16
93
139
16
93
139
255
255
255
255
255
255
255
255
255
15
93
138
15
93
138
15
93
138
16
93
138
54
42
21
50
38
17
15
94
138
16
93
138
15
92
138
255
255
255
255
255
255
255
255
255
15
93
138
16
93
138
16
92
139
15
92
139
54
42
21
39
32
15
52
40
18
46
46
46
41
41
41
46
46
46
42
42
42
31
31
31
0
55
0
32
32
32
30
30
30
56
45
23
35
29
11
55
43
21
15
89
136
16
89
135
255
255
255
15
89
136
15
90
135
15
90
135
15
89
136
16
89
135
15
90
134
15
90
135
49
38
16
52
41
19
15
89
135
15
89
135
255
255
255
15
90
134
14
90
135
15
89
135
15
89
135
15
90
134
15
90
135
15
89
134
51
39
17
35
29
11
52
41
19
26
26
26
36
36
36
30
30
30
30
30
30
52
52
52
51
51
51
0
48
0
47
47
47
52
41
19
39
33
16
51
39
17
15
87
132
14
87
132
14
87
132
16
87
131
15
87
132
16
86
132
15
87
132
16
87
131
15
86
132
15
86
132
51
39
17
49
38
16
15
86
132
15
86
132
15
86
132
15
87
132
14
87
132
16
86
131
15
87
131
15
87
131
15
86
132
15
87
132
56
44
22
39
32
15
52
40
18
0
55
0
43
43
43
38
38
38
30
30
30
49
49
49
51
51
51
47
47
47
44
44
44
56
44
22
38
31
14
53
42
20
15
84
128
15
83
129
15
84
129
15
84
128
15
84
128
15
83
129
15
84
128
14
84
129
15
83
129
15
83
129
52
40
18
49
38
16
15
84
128
15
83
129
15
83
129
14
84
128
15
83
129
15
84
128
15
84
129
14
83
129
14
84
128
15
83
129
52
40
18
38
31
14
49
38
16
46
46
46
0
55
0
0
55
0
30
30
30
49
49
49
47
47
47
45
45
45
45
45
45
52
41
19
35
29
11
50
38
17
14
80
126
15
80
126
15
81
125
15
81
126
14
81
125
15
80
126
15
80
125
15
81
125
15
81
125
14
80
125
52
41
19
57
46
24
15
80
126
14
80
126
14
80
125
15
80
125
15
81
125
15
80
125
14
81
125
14
80
125
15
80
125
14
80
125
56
44
22
38
31
14
49
38
16
0
55
0
38
38
38
39
39
39
0
54
0
47
47
47
47
47
47
43
43
43
48
48
48
51
39
17
35
29
11
53
42
20
14
77
123
13
78
122
14
77
122
14
77
123
14
78
122
13
78
122
14
77
123
13
78
123
13
78
122
14
77
123
51
39
17
52
41
19
14
77
123
14
77
122
15
77
122
14
78
122
15
77
122
14
78
122
14
77
122
14
77
122
15
77
122
14
78
121
52
40
18
37
30
13
52
40
18
0
45
0
39
39
39
35
35
35
0
60
0
46
46
46
41
41
41
0
55
0
42
42
42
54
42
21
38
31
14
56
44
22
14
75
119
15
74
119
14
74
120
14
74
119
14
74
119
13
75
119
14
74
119
13
74
120
13
75
119
14
74
119
51
39
17
53
42
20
15
74
119
14
74
118
14
74
118
14
74
119
13
75
118
14
74
119
14
75
119
15
73
119
13
75
119
14
74
119
48
37
15
37
30
13
52
40
18
40
40
40
36
36
36
34
34
34
32
32
32
30
30
30
20
20
20
30
30
30
22
22
22
52
40
18
39
33
16
55
43
21
14
71
115
14
71
116
13
71
116
14
71
115
14
71
116
14
71
116
14
72
116
13
72
115
14
72
115
13
72
116
49
38
16
52
41
19
13
72
116
13
71
116
14
71
115
14
71
115
14
71
115
13
71
116
14
71
116
14
72
115
13
71
116
13
71
116
51
39
17
37
30
13
52
41
19
37
37
37
30
30
30
30
30
30
30
30
30
45
45
45
43
43
43
43
43
43
38
38
38
52
41
19
43
36
19
52
40
18
13
68
113
14
68
113
14
68
112
14
68
112
13
69
112
13
68
112
13
68
112
13
68
113
13
68
112
13
69
113
52
40
18
50
38
17
14
68
113
13
69
112
14
67
112
13
69
112
14
68
112
13
69
112
14
68
112
13
68
113
14
67
112
13
68
112
52
40
18
39
32
15
52
41
19
52
52
52
51
51
51
53
53
53
47
47
47
44
44
44
46
46
46
39
39
39
38
38
38
58
47
25
34
28
11
49
38
16
14
65
109
13
65
109
13
65
109
13
65
109
13
65
110
13
65
109
13
66
109
13
66
109
14
65
108
14
65
109
52
52
52
49
49
49
13
66
108
13
66
109
13
65
109
13
65
109
13
65
109
13
65
109
13
65
109
13
65
109
14
65
109
13
65
109
51
39
17
34
28
11
52
41
19
49
49
49
51
51
51
47
47
47
44
44
44
43
43
43
39
39
39
38
38
38
39
39
39
52
41
19
38
31
14
53
42
20
13
62
107
13
63
106
12
62
106
13
62
106
13
61
106
13
61
107
13
63
106
13
62
105
13
63
106
13
62
106
48
48
48
48
48
48
13
61
106
13
62
106
13
62
105
13
62
106
13
62
106
13
61
106
14
62
106
13
63
106
13
62
106
12
63
106
54
42
21
39
32
15
55
43
21
49
49
49
47
47
47
45
45
45
45
45
45
39
39
39
39
39
39
39
39
39
35
35
35
51
39
17
39
32
15
51
39
17
12
59
103
12
59
103
12
60
102
12
59
103
13
60
103
12
59
103
13
59
103
13
59
103
13
59
103
13
60
102
57
57
57
54
54
54
12
59
103
13
59
103
12
59
103
13
59
102
12
59
102
12
59
103
12
59
103
13
59
103
13
59
102
14
59
102
56
45
23
42
35
18
53
42
20
47
47
47
47
47
47
43
43
43
48
48
48
36
36
36
40
40
40
36
36
36
34
34
34
50
38
17
37
30
13
52
41
19
13
56
100
12
56
100
12
56
100
13
55
100
12
56
100
13
55
100
13
56
99
12
56
100
13
56
99
13
56
99
52
41
19
54
42
21
12
56
99
12
56
99
12
56
98
12
57
99
13
55
100
12
56
99
13
56
99
12
56
99
12
57
99
13
55
99
47
35
13
38
31
14
54
42
21
46
46
46
41
41
41
46
46
46
42
42
42
28
28
28
30
30
30
30
30
30
0
55
0
52
41
19
36
30
12
47
36
14
12
53
97
13
53
97
11
54
96
12
53
97
12
53
97
12
53
96
12
53
96
12
53
97
12
53
96
12
52
97
54
42
21
54
42
21
12
53
96
13
52
96
12
53
96
12
52
96
13
52
96
12
53
96
12
53
95
12
53
95
12
53
96
12
52
96
49
38
16
36
30
12
50
38
17
30
30
30
37
37
37
28
28
28
30
30
30
52
52
52
51
51
51
53
53
53
0
49
0
56
45
23
35
29
11
53
42
20
12
50
93
13
50
94
11
50
93
12
51
93
12
50
93
12
50
94
12
50
94
12
50
93
11
50
93
12
50
92
53
42
20
51
39
17
11
50
93
12
49
93
12
50
93
12
49
93
11
50
93
11
50
93
12
49
93
12
50
93
12
49
93
12
50
93
51
39
17
37
30
13
53
42
20
43
43
43
43
43
43
38
38
38
33
33
33
49
49
49
51
51
51
47
47
47
44
44
44
49
38
16
35
29
11
56
45
23
12
46
90
12
47
90
11
47
90
12
47
89
11
47
91
12
47
89
12
47
90
12
47
90
12
46
90
11
47
89
50
38
17
48
37
15
12
47
90
12
47
90
11
47
90
11
47
90
12
46
90
12
47
89
12
47
89
12
46
90
11
47
90
11
47
89
49
38
16
36
30
12
50
38
17
46
46
46
0
68
4
0
34
0
31
31
31
49
49
49
47
47
47
0
70
5
0
55
0
52
40
18
40
34
16
53
42
20
11
44
87
11
45
86
12
44
87
11
44
87
11
44
86
11
44
87
11
44
86
12
44
86
255
255
255
12
44
86
53
42
20
53
42
20
11
44
86
11
44
87
11
44
87
11
44
87
12
44
86
12
43
87
11
44
87
12
44
85
255
255
255
11
44
86
49
38
16
39
32
15
52
40
18
39
39
39
38
38
38
39
39
39
0
55
0
0
55
0
0
56
0
43
43
43
48
48
48
52
41
19
36
30
12
54
42
21
11
41
83
11
41
83
11
41
83
12
41
83
11
41
84
10
42
82
11
40
84
255
255
255
11
41
83
11
40
84
55
43
21
51
39
17
11
41
83
11
40
83
11
41
83
11
41
84
11
40
84
11
41
83
12
40
83
255
255
255
11
40
83
11
40
83
51
39
17
36
30
12
51
39
17
39
39
39
39
39
39
0
55
0
30
30
30
46
46
46
41
41
41
46
46
46
42
42
42
52
40
18
35
29
11
50
38
17
11
38
80
11
37
80
10
38
80
11
38
80
12
37
81
11
38
80
11
38
80
11
38
80
11
37
80
11
37
80
53
42
20
51
39
17
11
37
80
10
38
80
11
38
80
11
38
79
12
37
80
11
38
80
11
37
80
10
37
80
12
36
81
11
37
80
54
42
21
32
25
8
52
41
19
40
40
40
36
36
36
34
34
34
30
30
30
30
30
30
30
30
30
20
20
20
24
24
24
52
40
18
34
28
11
51
39
17
54
42
21
52
40
18
56
44
22
54
42
21
52
41
19
49
38
16
58
47
25
52
41
19
53
42
20
53
42
20
50
38
17
52
40
18
50
38
17
55
43
21
52
41
19
55
43
21
52
40
18
52
40
18
53
42
20
54
42
21
52
40
18
52
40
18
51
39
17
37
30
13
51
39
17
24
24
24
30
30
30
30
30
30
30
30
30
45
45
45
43
43
43
43
43
43
38
38
38
52
40
18
38
31
14
38
31
14
38
31
14
43
37
20
40
34
16
37
30
13
39
32
15
40
34
16
35
29
11
36
30
12
35
29
11
38
31
14
36
30
12
35
29
11
34
27
10
37
30
13
40
34
16
34
28
11
42
35
18
33
26
9
38
31
14
40
34
16
37
30
13
37
30
13
36
30
12
35
29
11
51
39
17
52
52
52
51
51
51
53
53
53
47
47
47
44
44
44
46
46
46
39
39
39
38
38
38
55
43
21
52
41
19
50
38
17
54
42
21
52
41
19
50
38
17
50
38
17
55
43
21
51
39
17
56
44
22
57
46
24
53
42
20
54
42
21
52
40
18
52
41
19
51
39
17
52
40
18
51
39
17
53
42
20
52
41
19
51
39
17
54
42
21
49
38
16
52
40
18
51
39
17
51
39
17
54
42
21
53
42
20
49
49
49
51
51
51
47
47
47
44
44
44
43
43
43
39
39
39
38
38
38
39
39
39
24
24
24
49
49
49
47
47
47
45
45
45
45
45
45
43
43
43
39
39
39
38
38
38
39
39
39
28
28
28
49
49
49
47
47
47
45
45
45
45
45
45
43
43
43
39
39
39
38
38
38
39
39
39
30
30
30
49
49
49
47
47
47
45
45
45
45
45
45
43
43
43
0
51
0
0
55
0
39
39
39
30
30
30
49
49
49
47
47
47
45
45
45
45
45
45
39
39
39
39
39
39
39
39
39
35
35
35
32
32
32
47
47
47
47
47
47
43
43
43
48
48
48
39
39
39
39
39
39
39
39
39
35
35
35
0
49
0
47
47
47
47
47
47
43
43
43
48
48
48
39
39
39
39
39
39
39
39
39
35
35
35
22
22
22
47
47
47
47
47
47
43
43
43
48
48
48
0
60
0
39
39
39
39
39
39
35
35
35
30
30
30
47
47
47
47
47
47
43
43
43
48
48
48
36
36
36
40
40
40
36
36
36
34
34
34
33
33
33
46
46
46
41
41
41
46
46
46
42
42
42
0
61
0
0
66
2
36
36
36
0
55
0
30
30
30
46
46
46
41
41
41
46
46
46
42
42
42
36
36
36
40
40
40
36
36
36
34
34
34
30
30
30
46
46
46
41
41
41
46
46
46
42
42
42
36
36
36
0
61
0
36
36
36
34
34
34
30
30
30
46
46
46
0
69
4
46
46
46
42
42
42
30
30
30
24
24
24
29
29
29
20
20
20
30
30
30
30
30
30
30
30
30
34
34
34
0
55
0
30
30
30
33
33
33
0
55
0
30
30
30
0
49
0
0
50
0
28
28
28
40
40
40
24
24
24
29
29
29
30
30
30
25
25
25
30
30
30
30
30
30
31
31
31
30
30
30
30
30
30
33
33
33
33
33
33
37
37
37
30
30
30
30
30
30
28
28
28
24
24
24
29
29
29
30
30
30
30
30
30
