P3
36 36
255
85
85
85
86
86
86
78
78
78
79
79
79
81
81
81
89
89
89
77
77
77
70
70
70
77
77
77
72
72
72
72
72
72
80
80
80
69
69
69
70
70
70
68
68
68
71
71
71
65
65
65
52
52
52
89
89
89
79
79
79
79
79
79
82
82
82
75
75
75
80
80
80
77
77
77
73
73
73
74
74
74
73
73
73
75
75
75
73
73
73
67
67
67
70
70
70
65
65
65
73
73
73
64
64
64
52
52
52
88
88
88
77
77
77
86
86
86
78
78
78
77
77
77
78
78
78
78
78
78
78
78
78
73
73
73
69
69
69
70
70
70
72
72
72
63
63
63
62
62
62
70
70
70
67
67
67
60
60
60
52
52
52
88
88
88
80
80
80
82
82
82
81
81
81
77
77
77
78
78
78
77
77
77
74
74
74
65
65
65
73
73
73
71
71
71
74
74
74
69
69
69
68
68
68
70
70
70
70
70
70
64
64
64
52
52
52
86
86
86
83
83
83
78
78
78
84
84
84
77
77
77
79
79
79
80
80
80
71
71
71
78
78
78
71
71
71
72
72
72
67
67
67
71
71
71
66
66
66
60
60
60
66
66
66
65
65
65
55
55
55
89
89
89
83
83
83
84
84
84
85
85
85
84
84
84
78
78
78
78
78
78
70
70
70
70
70
70
71
71
71
70
70
70
71
71
71
66
66
66
66
66
66
65
65
65
70
70
70
62
62
62
52
52
52
87
87
87
78
78
78
84
84
84
80
80
80
74
74
74
76
76
76
72
72
72
77
77
77
73
73
73
74
74
74
70
70
70
66
66
66
70
70
70
66
66
66
65
65
65
62
62
62
56
56
56
52
52
52
83
83
83
88
88
88
77
77
77
77
77
77
80
80
80
78
78
78
74
74
74
75
75
75
78
78
78
77
77
77
72
72
72
68
68
68
69
69
69
66
66
66
63
63
63
62
62
62
65
65
65
56
56
56
82
82
82
78
78
78
79
79
79
67
67
67
77
77
77
73
73
73
73
73
73
76
76
76
69
69
69
70
70
70
65
65
65
68
68
68
67
67
67
66
66
66
64
64
64
62
62
62
64
64
64
46
46
46
82
82
82
83
83
83
78
78
78
72
72
72
74
74
74
74
74
74
66
66
66
77
77
77
72
72
72
70
70
70
70
70
70
72
72
72
69
69
69
60
60
60
63
63
63
62
62
62
66
66
66
48
48
48
78
78
78
83
83
83
78
78
78
80
80
80
79
79
79
73
73
73
72
72
72
71
71
71
73
73
73
68
68
68
66
66
66
67
67
67
63
63
63
63
63
63
71
71
71
66
66
66
62
62
62
48
48
48
80
80
80
84
84
84
81
81
81
78
78
78
81
81
81
81
81
81
70
70
70
74
74
74
75
75
75
68
68
68
69
69
69
71
71
71
68
68
68
68
68
68
68
68
68
64
64
64
61
61
61
48
48
48
82
82
82
78
78
78
83
83
83
79
79
79
76
76
76
187
140
0
176
129
0
195
148
7
190
143
2
192
145
4
198
151
10
180
133
0
190
143
2
209
162
21
202
155
14
193
146
5
198
151
10
183
136
0
194
147
6
193
146
5
185
138
0
181
134
0
197
150
9
172
125
0
176
129
0
194
147
6
172
125
0
194
147
6
194
147
6
185
138
0
185
138
0
180
133
0
186
139
0
187
140
0
192
145
4
184
137
0
84
84
84
80
80
80
79
79
79
81
81
81
190
143
2
190
143
2
184
137
0
189
142
1
179
132
0
198
151
10
178
131
0
195
148
7
192
145
4
194
147
6
193
146
5
183
136
0
197
150
9
188
141
0
195
148
7
187
140
0
178
131
0
188
141
0
181
134
0
201
154
13
182
135
0
182
135
0
188
141
0
183
136
0
178
131
0
194
147
6
191
144
3
200
153
12
188
141
0
176
129
0
185
138
0
187
140
0
53
53
53
54
54
54
52
52
52
51
51
51
184
137
0
190
143
2
191
144
3
241
59
174
241
59
173
242
59
173
242
59
173
242
59
172
242
59
171
242
59
172
242
59
172
242
59
172
241
59
172
242
59
171
242
59
171
242
58
171
242
59
171
242
59
171
242
59
171
242
59
170
243
59
170
241
59
171
243
58
170
242
60
170
242
59
170
242
59
170
242
59
170
242
59
169
242
60
169
243
59
169
243
59
169
242
59
168
75
75
75
74
74
74
75
75
75
67
67
67
183
136
0
169
122
0
241
59
168
242
59
169
242
59
168
242
59
168
242
58
169
242
60
167
242
60
167
242
59
168
243
59
167
242
59
167
242
59
167
242
59
167
242
59
167
242
59
166
242
59
166
242
59
166
243
59
166
242
60
165
242
59
166
243
58
166
242
60
165
242
59
165
243
59
165
242
59
165
243
58
165
243
59
165
242
59
165
243
59
164
247
133
198
243
58
164
74
74
74
76
76
76
73
73
73
67
67
67
186
139
0
178
131
0
243
59
164
242
59
163
242
60
164
242
59
164
247
133
198
243
60
163
243
58
163
255
255
255
242
60
162
243
59
162
243
59
162
242
59
163
243
59
161
243
59
163
243
60
162
242
59
162
242
59
162
243
59
161
243
58
161
242
60
161
243
59
161
243
59
161
242
59
161
243
59
160
242
60
159
243
59
160
243
59
160
243
59
160
243
59
161
244
58
159
70
70
70
62
62
62
66
66
66
65
65
65
169
122
0
175
128
0
243
59
159
242
60
159
242
60
159
244
59
158
244
59
158
243
60
158
243
60
158
255
255
255
243
59
158
243
59
158
244
59
157
244
59
158
247
134
194
243
58
158
243
59
157
243
60
156
243
59
156
243
60
156
243
58
157
242
59
157
244
59
155
243
59
156
243
60
156
243
60
155
243
60
155
243
59
155
243
60
155
243
60
155
243
60
155
244
59
154
74
74
74
70
70
70
66
66
66
71
71
71
187
140
0
189
142
1
243
60
154
244
58
155
243
60
154
243
59
155
244
59
153
243
60
154
255
255
255
255
255
255
255
255
255
243
60
153
243
60
153
243
60
153
243
59
152
243
60
152
244
59
153
244
59
153
244
60
152
243
60
152
244
59
152
244
60
152
247
133
191
243
59
151
244
59
151
244
59
152
243
59
151
244
59
152
243
59
151
244
59
151
243
59
151
243
60
150
71
71
71
66
66
66
71
71
71
67
67
67
203
156
15
186
139
0
244
59
150
243
59
150
243
60
149
244
59
150
245
59
150
244
59
149
255
255
255
255
255
255
255
255
255
244
59
149
244
59
149
244
59
148
244
59
149
244
59
148
243
59
148
244
59
148
244
60
147
244
59
148
244
59
147
244
59
148
244
59
148
244
59
147
244
59
147
244
59
146
244
60
146
243
60
146
243
60
146
244
60
146
243
59
146
245
59
146
68
68
68
69
69
69
66
66
66
61
61
61
187
140
0
200
153
12
245
59
145
244
60
145
244
59
146
245
59
145
244
59
144
255
255
255
255
255
255
255
255
255
255
255
255
255
255
255
244
60
144
244
60
143
245
59
143
244
60
143
243
60
143
206
206
206
245
59
143
244
59
142
244
60
143
244
60
142
244
59
141
245
60
142
245
60
142
244
59
142
244
60
142
243
60
141
245
59
141
245
59
142
245
59
142
245
60
141
72
72
72
74
74
74
66
66
66
72
72
72
188
141
0
174
127
0
244
59
141
245
59
141
248
133
184
244
59
141
244
59
140
255
255
255
255
255
255
255
255
255
255
255
255
255
255
255
245
59
139
245
59
139
244
60
139
244
60
138
245
60
138
206
206
206
244
59
139
245
59
139
244
60
138
245
59
138
245
59
138
245
60
138
244
60
137
245
59
137
245
60
137
245
60
136
245
59
136
245
60
137
245
59
136
245
59
136
65
65
65
67
67
67
68
68
68
62
62
62
195
148
7
200
153
12
244
60
136
245
59
137
245
60
135
245
59
136
79
79
79
79
79
79
255
255
255
80
80
80
255
255
255
80
80
80
80
80
80
245
59
134
245
60
134
245
59
135
206
206
206
206
206
206
206
206
206
245
59
134
245
59
134
245
60
133
245
60
133
245
60
133
245
60
132
246
59
133
246
59
133
245
60
132
245
59
132
245
59
132
255
173
0
255
170
0
49
49
49
49
49
49
48
48
48
49
49
49
176
129
0
187
140
0
246
59
131
245
60
131
245
59
131
245
59
131
78
78
78
78
78
78
78
78
78
78
78
78
78
78
78
78
78
78
79
79
79
245
59
130
245
60
130
245
60
130
206
206
206
206
206
206
206
206
206
246
60
129
246
59
129
246
59
129
246
59
129
245
60
128
245
59
129
246
59
128
245
60
127
248
133
176
246
59
128
255
172
0
255
166
0
255
162
0
90
90
90
81
81
81
83
83
83
82
82
82
184
137
0
184
137
0
245
60
126
246
60
126
245
60
127
76
76
76
76
76
76
77
77
77
77
77
77
77
77
77
77
77
77
77
77
77
77
77
77
77
77
77
246
59
125
206
206
206
206
206
206
206
206
206
206
206
206
206
206
206
245
60
124
246
59
125
246
60
124
246
59
124
247
59
123
246
60
123
246
60
124
246
59
123
255
172
0
255
166
0
255
160
0
255
154
0
88
88
88
79
79
79
80
80
80
81
81
81
185
138
0
203
156
15
245
60
122
245
60
122
246
59
123
75
75
75
75
75
75
75
75
75
75
75
75
75
75
75
75
75
75
76
76
76
76
76
76
76
76
76
246
60
121
206
206
206
73
73
73
206
206
206
73
73
73
206
206
206
247
59
119
246
60
119
246
60
118
246
60
119
246
60
118
246
60
118
247
60
118
255
175
0
255
168
0
255
160
0
255
154
0
255
148
0
89
89
89
81
81
81
80
80
80
88
88
88
180
133
0
191
144
3
247
59
117
246
60
117
246
60
117
74
74
74
74
74
74
74
74
74
74
74
74
74
74
74
74
74
74
74
74
74
74
74
74
74
74
74
74
74
74
71
71
71
71
71
71
70
70
70
70
70
70
70
70
70
70
70
70
246
60
115
247
59
114
247
60
114
246
59
115
247
59
114
246
60
113
255
172
0
255
164
0
255
156
0
255
148
0
255
142
0
79
79
79
82
82
82
80
80
80
77
77
77
186
139
0
183
136
0
246
60
112
246
60
113
72
72
72
72
72
72
72
72
72
73
73
73
73
73
73
73
73
73
73
73
73
73
73
73
73
73
73
73
73
73
73
73
73
68
68
68
68
68
68
68
68
68
68
68
68
68
68
68
68
68
68
247
60
109
247
60
110
246
60
109
248
59
110
40
137
0
40
136
0
40
136
0
40
136
0
40
135
0
40
135
0
40
135
0
86
86
86
80
80
80
81
81
81
74
74
74
192
145
4
195
148
7
247
60
109
247
60
109
71
71
71
71
71
71
71
71
71
71
71
71
71
71
71
71
71
71
71
71
71
71
71
71
72
72
72
72
72
72
72
72
72
65
65
65
65
65
65
65
65
65
65
65
65
65
65
65
65
65
65
65
65
65
248
60
105
39
132
0
39
132
0
39
131
0
39
131
0
38
131
0
38
131
0
38
131
0
38
130
0
38
130
0
77
77
77
85
85
85
79
79
79
78
78
78
186
139
0
170
123
0
248
60
104
69
69
69
69
69
69
69
69
69
69
69
69
70
70
70
70
70
70
70
70
70
70
70
70
70
70
70
70
70
70
70
70
70
70
70
70
70
70
70
63
63
63
63
63
63
63
63
63
63
63
63
63
63
63
37
127
0
37
127
0
37
126
0
37
126
0
37
126
0
37
126
0
37
126
0
37
126
0
37
125
0
37
125
0
37
124
0
81
81
81
74
74
74
85
85
85
78
78
78
183
136
0
186
139
0
248
60
99
68
68
68
68
68
68
68
68
68
68
68
68
68
68
68
69
69
69
69
69
69
69
69
69
69
69
69
69
69
69
69
69
69
69
69
69
69
69
69
60
60
60
60
60
60
60
60
60
60
60
60
36
122
0
36
122
0
36
122
0
36
122
0
36
122
0
36
121
0
36
121
0
35
120
0
35
120
0
35
120
0
35
120
0
35
120
0
82
82
82
78
78
78
74
74
74
84
84
84
173
126
0
185
138
0
67
67
67
67
67
67
67
67
67
67
67
67
67
67
67
67
67
67
67
67
67
67
67
67
67
67
67
67
67
67
68
68
68
68
68
68
68
68
68
68
68
68
68
68
68
58
58
58
58
58
58
35
118
0
35
118
0
34
117
0
34
117
0
34
117
0
34
116
0
34
116
0
34
115
0
34
115
0
34
115
0
34
115
0
34
115
0
34
114
0
52
52
52
52
52
52
53
53
53
52
52
52
175
128
0
199
152
11
65
65
65
65
65
65
65
65
65
65
65
65
65
65
65
66
66
66
66
66
66
66
66
66
66
66
66
66
66
66
66
66
66
66
66
66
66
66
66
66
66
66
66
66
66
55
55
55
33
113
0
33
113
0
33
112
0
33
112
0
33
111
0
33
111
0
33
111
0
33
111
0
33
111
0
33
111
0
32
110
0
32
110
0
32
109
0
32
109
0
68
68
68
77
77
77
70
70
70
72
72
72
186
139
0
189
142
1
197
150
9
64
64
64
64
64
64
64
64
64
64
64
64
64
64
64
64
64
64
64
64
64
64
64
64
65
65
65
65
65
65
65
65
65
65
65
65
65
65
65
65
65
65
32
108
0
32
107
0
32
107
0
32
107
0
31
107
0
31
107
0
31
107
0
31
106
0
31
106
0
31
105
0
31
105
0
31
105
0
31
105
0
31
105
0
30
104
0
71
71
71
77
77
77
70
70
70
68
68
68
197
150
9
185
138
0
193
146
5
187
140
0
201
154
13
209
162
21
194
147
6
187
140
0
191
144
3
180
133
0
173
126
0
178
131
0
195
148
7
189
142
1
178
131
0
197
150
9
175
128
0
177
130
0
188
141
0
191
144
3
194
147
6
187
140
0
185
138
0
185
138
0
179
132
0
184
137
0
167
120
0
173
126
0
190
143
2
199
152
11
198
151
10
188
141
0
71
71
71
73
73
73
70
70
70
68
68
68
42
42
42
182
135
0
183
136
0
193
146
5
188
141
0
173
126
0
181
134
0
187
140
0
191
144
3
184
137
0
185
138
0
181
134
0
195
148
7
159
112
0
203
156
15
182
135
0
178
131
0
193
146
5
202
155
14
190
143
2
201
154
13
198
151
10
190
143
2
185
138
0
174
127
0
171
124
0
185
138
0
201
154
13
177
130
0
208
161
20
179
132
0
184
137
0
72
72
72
70
70
70
68
68
68
67
67
67
63
63
63
42
42
42
35
35
35
37
37
37
33
33
33
50
50
50
49
49
49
48
48
48
44
44
44
48
48
48
45
45
45
47
47
47
45
45
45
45
45
45
45
45
45
43
43
43
47
47
47
41
41
41
41
41
41
40
40
40
39
39
39
41
41
41
32
32
32
52
52
52
51
51
51
46
46
46
47
47
47
47
47
47
48
48
48
46
46
46
45
45
45
49
49
49
67
67
67
68
68
68
66
66
66
68
68
68
65
65
65
62
62
62
56
56
56
65
65
65
46
46
46
79
79
79
80
80
80
78
78
78
73
73
73
75
75
75
75
75
75
69
69
69
75
75
75
68
68
68
70
70
70
68
68
68
68
68
68
68
68
68
66
66
66
62
62
62
62
62
62
63
63
63
48
48
48
81
81
81
81
81
81
81
81
81
74
74
74
78
78
78
75
75
75
71
71
71
77
77
77
72
72
72
70
70
70
63
63
63
73
73
73
69
69
69
61
61
61
68
68
68
67
67
67
65
65
65
49
49
49
76
76
76
84
84
84
78
78
78
74
74
74
79
79
79
76
76
76
73
73
73
74
74
74
70
70
70
68
68
68
70
70
70
68
68
68
65
65
65
64
64
64
67
67
67
59
59
59
66
66
66
49
49
49
78
78
78
84
84
84
78
78
78
72
72
72
81
81
81
73
73
73
68
68
68
72
72
72
71
71
71
72
72
72
69
69
69
66
66
66
72
72
72
65
65
65
64
64
64
60
60
60
58
58
58
47
47
47
82
82
82
74
74
74
78
78
78
77
77
77
72
72
72
78
78
78
73
73
73
72
72
72
71
71
71
69
69
69
71
71
71
62
62
62
69
69
69
65
65
65
65
65
65
59
59
59
57
57
57
50
50
50
84
84
84
72
72
72
88
88
88
83
83
83
70
70
70
77
77
77
71
71
71
71
71
71
73
73
73
66
66
66
69
69
69
70
70
70
65
65
65
62
62
62
60
60
60
62
62
62
65
65
65
48
48
48
84
84
84
83
83
83
74
74
74
81
81
81
73
73
73
74
74
74
71
71
71
72
72
72
68
68
68
65
65
65
72
72
72
66
66
66
62
62
62
63
63
63
62
62
62
62
62
62
65
65
65
48
48
48
82
82
82
80
80
80
77
77
77
86
86
86
75
75
75
76
76
76
75
75
75
70
70
70
66
66
66
49
49
49
48
48
48
49
49
49
49
49
49
47
47
47
46
46
46
48
48
48
50
50
50
49
49
49
54
54
54
53
53
53
55
55
55
56
56
56
52
52
52
52
52
52
54
54
54
52
52
52
55
55
55
49
49
49
47
47
47
51
51
51
47
47
47
49
49
49
50
50
50
49
49
49
49
49
49
48
48
48
54
54
54
53
53
53
53
53
53
54
54
54
52
52
52
53
53
53
53
53
53
54
54
54
55
55
55
