P3
36 36
255
85
85
85
86
86
86
78
78
78
79
79
79
81
81
81
89
89
89
77
77
77
70
70
70
77
77
77
72
72
72
72
72
72
80
80
80
69
69
69
70
70
70
68
68
68
71
71
71
65
65
65
52
52
52
89
89
89
79
79
79
79
79
79
82
82
82
75
75
75
80
80
80
77
77
77
73
73
73
74
74
74
73
73
73
75
75
75
73
73
73
67
67
67
70
70
70
65
65
65
73
73
73
64
64
64
52
52
52
88
88
88
77
77
77
86
86
86
78
78
78
77
77
77
78
78
78
78
78
78
78
78
78
73
73
73
69
69
69
70
70
70
72
72
72
63
63
63
62
62
62
70
70
70
67
67
67
60
60
60
52
52
52
88
88
88
80
80
80
82
82
82
81
81
81
77
77
77
78
78
78
77
77
77
74
74
74
65
65
65
73
73
73
71
71
71
74
74
74
69
69
69
68
68
68
70
70
70
70
70
70
64
64
64
52
52
52
86
86
86
83
83
83
78
78
78
84
84
84
77
77
77
79
79
79
80
80
80
71
71
71
78
78
78
71
71
71
72
72
72
67
67
67
71
71
71
66
66
66
60
60
60
66
66
66
65
65
65
55
55
55
89
89
89
83
83
83
84
84
84
85
85
85
84
84
84
78
78
78
78
78
78
70
70
70
70
70
70
71
71
71
70
70
70
71
71
71
66
66
66
66
66
66
65
65
65
70
70
70
62
62
62
52
52
52
87
87
87
78
78
78
84
84
84
80
80
80
74
74
74
76
76
76
72
72
72
77
77
77
73
73
73
74
74
74
70
70
70
66
66
66
70
70
70
66
66
66
65
65
65
62
62
62
56
56
56
52
52
52
83
83
83
88
88
88
77
77
77
77
77
77
80
80
80
78
78
78
74
74
74
75
75
75
78
78
78
77
77
77
72
72
72
68
68
68
69
69
69
66
66
66
63
63
63
62
62
62
65
65
65
56
56
56
82
82
82
78
78
78
79
79
79
67
67
67
77
77
77
73
73
73
73
73
73
76
76
76
69
69
69
70
70
70
65
65
65
68
68
68
67
67
67
66
66
66
64
64
64
62
62
62
64
64
64
46
46
46
82
82
82
83
83
83
78
78
78
72
72
72
74
74
74
74
74
74
66
66
66
77
77
77
72
72
72
70
70
70
70
70
70
72
72
72
69
69
69
60
60
60
63
63
63
62
62
62
66
66
66
48
48
48
78
78
78
83
83
83
78
78
78
80
80
80
79
79
79
73
73
73
72
72
72
71
71
71
73
73
73
68
68
68
66
66
66
67
67
67
63
63
63
63
63
63
71
71
71
66
66
66
62
62
62
48
48
48
80
80
80
84
84
84
81
81
81
78
78
78
81
81
81
81
81
81
70
70
70
74
74
74
75
75
75
68
68
68
69
69
69
71
71
71
68
68
68
68
68
68
68
68
68
64
64
64
61
61
61
48
48
48
192
145
4
187
140
0
196
149
8
192
145
4
191
144
3
189
142
1
181
134
0
187
140
0
183
136
0
195
148
7
184
137
0
184
137
0
188
141
0
182
135
0
169
122
0
184
137
0
200
153
12
200
153
12
182
135
0
179
132
0
174
127
0
193
146
5
189
142
1
185
138
0
170
123
0
198
151
10
192
145
4
200
153
12
193
146
5
171
124
0
189
142
1
38
38
38
62
62
62
66
66
66
59
59
59
51
51
51
179
132
0
197
150
9
169
122
0
170
123
0
187
140
0
184
137
0
192
145
4
182
135
0
173
126
0
191
144
3
195
148
7
178
131
0
195
148
7
174
127
0
175
128
0
184
137
0
195
148
7
192
145
4
186
139
0
197
150
9
187
140
0
205
158
17
199
152
11
194
147
6
197
150
9
194
147
6
202
155
14
188
141
0
203
156
15
192
145
4
186
139
0
186
139
0
36
36
36
61
61
61
63
63
63
46
46
46
242
60
168
242
60
168
241
60
168
242
59
168
243
59
168
241
60
167
243
59
168
242
60
167
242
59
167
243
59
168
241
60
167
242
59
167
242
60
166
242
60
166
242
59
167
243
59
166
242
59
166
242
60
166
242
58
167
242
59
166
242
59
166
243
59
165
242
60
165
243
60
164
242
59
166
242
59
165
242
59
165
242
59
165
243
58
165
198
151
10
182
135
0
190
143
2
30
30
30
49
49
49
48
48
48
49
49
49
243
59
163
242
59
164
243
59
164
243
58
164
243
59
163
243
59
163
243
60
163
242
60
163
243
58
163
243
59
163
243
59
162
242
60
162
242
59
162
242
59
163
242
59
162
242
59
162
243
59
162
243
59
161
243
59
161
243
59
161
242
59
162
242
59
162
243
59
162
242
59
162
242
59
162
243
59
162
243
59
161
243
59
161
243
59
161
243
60
159
203
156
15
191
144
3
51
51
51
73
73
73
68
68
68
75
75
75
243
59
160
244
59
159
243
59
159
243
59
160
243
59
159
242
60
158
247
134
194
243
59
159
244
59
158
243
59
159
243
60
158
243
59
158
243
59
158
243
59
158
242
60
157
243
60
157
243
60
157
244
59
156
243
59
157
242
60
156
242
60
157
243
60
157
243
60
157
242
60
157
243
60
157
243
60
157
244
59
156
243
59
157
242
60
156
244
59
156
204
157
16
196
149
8
46
46
46
77
77
77
78
78
78
75
75
75
243
60
154
243
60
154
243
60
154
244
60
154
243
59
155
243
59
155
243
59
154
243
59
154
243
59
154
244
59
153
244
58
154
243
59
154
243
59
153
244
59
153
244
59
153
243
60
152
243
60
152
243
59
153
244
59
152
243
60
152
244
59
153
243
60
152
243
60
152
244
59
153
243
60
152
243
60
152
243
59
153
244
59
152
243
60
152
244
59
150
181
134
0
194
147
6
46
46
46
79
79
79
71
71
71
73
73
73
243
59
151
244
59
150
244
60
150
244
60
150
244
59
150
244
59
149
243
60
149
244
59
148
243
60
149
243
60
148
244
60
148
244
58
149
244
60
148
247
133
188
243
60
148
244
59
148
244
59
148
244
60
147
244
60
147
244
60
147
243
60
148
244
59
148
244
59
148
243
60
148
244
59
148
247
133
188
244
60
147
244
60
147
244
60
147
244
60
146
192
145
4
187
140
0
46
46
46
75
75
75
75
75
75
74
74
74
245
59
145
244
60
146
243
60
146
244
60
144
244
59
146
244
60
145
244
60
144
244
59
145
244
59
144
244
59
145
245
59
144
244
59
144
244
60
143
244
60
143
245
59
144
244
60
143
244
60
142
244
59
143
244
60
143
244
59
142
245
59
144
244
60
143
244
60
142
245
59
144
244
60
143
244
60
142
244
59
143
244
60
143
244
59
142
244
60
141
186
139
0
178
131
0
48
48
48
71
71
71
77
77
77
72
72
72
244
60
140
248
133
183
244
60
141
245
59
141
245
59
141
244
60
140
245
60
140
244
59
140
244
59
140
244
59
140
244
59
140
244
59
139
245
60
139
245
60
138
244
59
139
244
60
139
244
60
139
244
59
138
244
60
137
245
60
138
244
59
139
244
60
139
244
60
139
244
59
139
244
60
139
244
60
139
244
59
138
244
60
137
245
60
138
245
59
137
179
132
0
194
147
6
50
50
50
73
73
73
73
73
73
70
70
70
245
60
136
245
60
136
244
60
136
246
59
136
245
59
136
245
60
135
245
59
135
245
59
136
245
59
135
245
59
136
245
59
135
245
59
134
244
60
135
245
59
134
245
59
134
245
59
134
245
60
134
244
60
134
245
59
134
245
60
133
245
59
134
245
59
134
245
60
134
245
59
134
245
59
134
245
60
134
244
60
134
245
59
134
245
60
133
244
60
132
194
147
6
208
161
20
49
49
49
69
69
69
69
69
69
72
72
72
255
167
0
255
166
0
255
165
0
255
167
0
255
169
0
245
60
130
245
59
131
244
60
131
245
60
130
245
60
130
246
59
130
245
60
130
245
59
130
249
133
177
245
60
129
246
59
130
246
59
130
245
59
130
245
59
129
245
60
129
248
134
176
246
60
129
245
60
128
246
60
128
245
60
128
245
60
128
245
60
128
245
59
128
246
59
127
246
60
128
174
127
0
184
137
0
47
47
47
73
73
73
71
71
71
66
66
66
255
159
0
255
157
0
255
157
0
255
158
0
255
162
0
255
166
0
246
59
126
246
60
126
248
134
175
246
59
125
246
60
125
246
60
125
246
60
125
246
60
125
245
60
125
245
60
125
246
59
125
245
59
125
246
60
124
246
60
124
246
59
124
245
60
124
247
59
124
246
60
123
246
60
122
246
59
123
247
59
123
246
59
123
246
60
122
246
59
123
189
142
1
190
143
2
32
32
32
52
52
52
52
52
52
56
56
56
255
151
0
255
148
0
255
148
0
255
150
0
255
154
0
255
159
0
255
165
0
246
59
121
246
59
122
246
60
120
246
59
121
247
59
121
247
60
121
246
60
120
246
60
120
246
60
120
245
60
120
246
60
120
246
60
120
246
60
119
246
59
120
246
60
119
246
60
119
246
60
118
246
60
119
247
59
119
246
60
118
246
60
118
246
60
119
246
59
118
198
151
10
193
146
5
40
40
40
70
70
70
60
60
60
53
53
53
255
143
0
255
140
0
255
140
0
255
142
0
255
147
0
255
153
0
255
160
0
255
167
0
247
59
117
246
60
116
246
60
116
247
59
117
246
61
115
246
59
116
246
60
115
246
60
115
247
59
115
246
60
115
247
59
116
247
59
115
246
60
115
247
60
115
246
60
114
247
60
114
247
59
115
247
60
114
247
60
114
246
60
114
247
60
113
247
60
114
174
127
0
195
148
7
40
40
40
67
67
67
66
66
66
52
52
52
255
136
0
255
132
0
255
132
0
255
135
0
255
141
0
255
148
0
255
155
0
255
163
0
247
59
112
247
60
112
246
60
112
247
59
111
247
59
111
247
60
110
247
59
112
247
59
111
247
59
111
247
60
111
250
134
165
247
60
110
247
59
110
246
60
110
246
60
110
247
60
110
246
60
110
247
60
110
250
134
163
247
61
109
248
59
109
247
60
109
177
130
0
193
146
5
40
40
40
66
66
66
64
64
64
55
55
55
40
135
0
40
135
0
39
134
0
255
129
0
255
136
0
255
144
0
255
152
0
255
161
0
248
60
107
247
59
108
248
60
107
247
60
106
247
60
106
248
60
107
247
60
106
247
60
106
247
59
107
247
60
106
248
59
106
247
60
105
247
60
106
247
59
105
248
60
104
247
60
105
248
60
105
247
60
105
247
59
105
247
60
105
248
59
104
248
59
104
192
145
4
192
145
4
38
38
38
59
59
59
64
64
64
52
52
52
38
130
0
38
129
0
38
129
0
38
129
0
38
129
0
255
143
0
255
151
0
255
160
0
248
60
103
248
59
102
248
60
102
248
60
103
247
61
102
248
60
102
247
60
102
248
60
101
248
60
101
248
60
101
247
60
101
247
60
101
248
60
100
248
60
101
248
60
100
248
61
100
248
61
99
248
60
100
248
61
99
247
60
100
248
60
99
249
59
100
184
137
0
197
150
9
38
38
38
64
64
64
64
64
64
49
49
49
37
124
0
37
124
0
36
124
0
36
124
0
36
124
0
36
123
0
36
123
0
36
122
0
36
122
0
36
122
0
36
122
0
248
60
97
248
60
97
248
60
97
248
59
97
249
60
97
248
60
97
248
61
96
248
60
97
248
60
97
248
60
96
248
60
96
248
61
95
248
60
95
248
60
96
248
60
95
248
59
96
249
59
95
248
59
95
34
117
0
186
139
0
183
136
0
37
37
37
66
66
66
59
59
59
51
51
51
35
120
0
35
119
0
35
119
0
35
118
0
35
118
0
35
118
0
35
118
0
35
118
0
35
118
0
34
117
0
34
117
0
34
116
0
34
116
0
34
116
0
34
115
0
248
60
92
248
60
93
248
60
91
248
61
91
248
60
91
248
60
92
249
60
91
249
60
90
248
60
91
248
60
91
249
60
91
248
60
91
33
112
0
33
112
0
33
112
0
191
144
3
180
133
0
37
37
37
60
60
60
62
62
62
51
51
51
34
114
0
34
114
0
33
113
0
33
113
0
33
113
0
33
113
0
33
113
0
33
112
0
33
112
0
33
112
0
33
111
0
33
111
0
33
111
0
33
111
0
33
111
0
32
110
0
32
110
0
32
110
0
32
109
0
32
109
0
32
109
0
32
109
0
32
109
0
32
108
0
32
108
0
32
108
0
32
107
0
32
107
0
31
107
0
31
107
0
174
127
0
189
142
1
36
36
36
59
59
59
70
70
70
48
48
48
32
109
0
32
109
0
32
109
0
32
108
0
32
108
0
32
108
0
32
107
0
32
107
0
32
107
0
31
107
0
31
107
0
31
106
0
31
106
0
31
106
0
31
105
0
31
105
0
31
105
0
31
105
0
31
105
0
30
104
0
30
104
0
30
104
0
30
103
0
30
103
0
30
102
0
30
102
0
30
102
0
30
102
0
30
102
0
30
102
0
178
131
0
192
145
4
29
29
29
49
49
49
49
49
49
50
50
50
30
104
0
30
104
0
30
103
0
30
103
0
30
103
0
30
102
0
30
102
0
30
102
0
30
102
0
30
102
0
30
101
0
30
101
0
30
101
0
29
100
0
29
100
0
29
100
0
29
100
0
29
100
0
29
99
0
29
99
0
29
99
0
29
98
0
29
98
0
29
98
0
29
98
0
29
98
0
28
97
0
28
97
0
28
96
0
189
142
1
195
148
7
189
142
1
50
50
50
81
81
81
77
77
77
77
77
77
185
138
0
187
140
0
176
129
0
176
129
0
194
147
6
202
155
14
188
141
0
174
127
0
179
132
0
183
136
0
197
150
9
175
128
0
185
138
0
184
137
0
178
131
0
187
140
0
191
144
3
180
133
0
196
149
8
182
135
0
191
144
3
188
141
0
192
145
4
197
150
9
188
141
0
182
135
0
182
135
0
183
136
0
184
137
0
179
132
0
198
151
10
200
153
12
48
48
48
77
77
77
73
73
73
72
72
72
184
137
0
184
137
0
195
148
7
196
149
8
196
149
8
177
130
0
194
147
6
178
131
0
180
133
0
190
143
2
187
140
0
184
137
0
173
126
0
181
134
0
190
143
2
190
143
2
197
150
9
185
138
0
190
143
2
176
129
0
195
148
7
196
149
8
195
148
7
167
120
0
191
144
3
187
140
0
190
143
2
184
137
0
172
125
0
205
158
17
197
150
9
47
47
47
77
77
77
76
76
76
71
71
71
70
70
70
44
44
44
43
43
43
42
42
42
41
41
41
39
39
39
42
42
42
35
35
35
37
37
37
33
33
33
50
50
50
49
49
49
48
48
48
44
44
44
48
48
48
45
45
45
47
47
47
45
45
45
45
45
45
45
45
45
43
43
43
47
47
47
41
41
41
41
41
41
40
40
40
39
39
39
41
41
41
32
32
32
52
52
52
51
51
51
46
46
46
47
47
47
77
77
77
79
79
79
75
75
75
74
74
74
80
80
80
67
67
67
68
68
68
66
66
66
68
68
68
65
65
65
62
62
62
56
56
56
65
65
65
46
46
46
79
79
79
80
80
80
78
78
78
73
73
73
75
75
75
75
75
75
69
69
69
75
75
75
68
68
68
70
70
70
68
68
68
68
68
68
68
68
68
66
66
66
62
62
62
62
62
62
63
63
63
48
48
48
81
81
81
81
81
81
81
81
81
74
74
74
78
78
78
75
75
75
71
71
71
77
77
77
72
72
72
70
70
70
63
63
63
73
73
73
69
69
69
61
61
61
68
68
68
67
67
67
65
65
65
49
49
49
76
76
76
84
84
84
78
78
78
74
74
74
79
79
79
76
76
76
73
73
73
74
74
74
70
70
70
68
68
68
70
70
70
68
68
68
65
65
65
64
64
64
67
67
67
59
59
59
66
66
66
49
49
49
78
78
78
84
84
84
78
78
78
72
72
72
81
81
81
73
73
73
68
68
68
72
72
72
71
71
71
72
72
72
69
69
69
66
66
66
72
72
72
65
65
65
64
64
64
60
60
60
58
58
58
47
47
47
82
82
82
74
74
74
78
78
78
77
77
77
72
72
72
78
78
78
73
73
73
72
72
72
71
71
71
69
69
69
71
71
71
62
62
62
69
69
69
65
65
65
65
65
65
59
59
59
57
57
57
50
50
50
84
84
84
72
72
72
88
88
88
83
83
83
70
70
70
77
77
77
71
71
71
71
71
71
73
73
73
66
66
66
69
69
69
70
70
70
65
65
65
62
62
62
60
60
60
62
62
62
65
65
65
48
48
48
84
84
84
83
83
83
74
74
74
81
81
81
73
73
73
74
74
74
71
71
71
72
72
72
68
68
68
65
65
65
72
72
72
66
66
66
62
62
62
63
63
63
62
62
62
62
62
62
65
65
65
48
48
48
82
82
82
80
80
80
77
77
77
86
86
86
75
75
75
76
76
76
75
75
75
70
70
70
66
66
66
49
49
49
48
48
48
49
49
49
49
49
49
47
47
47
46
46
46
48
48
48
50
50
50
49
49
49
54
54
54
53
53
53
55
55
55
56
56
56
52
52
52
52
52
52
54
54
54
52
52
52
55
55
55
49
49
49
47
47
47
51
51
51
47
47
47
49
49
49
50
50
50
49
49
49
49
49
49
48
48
48
54
54
54
53
53
53
53
53
53
54
54
54
52
52
52
53
53
53
53
53
53
54
54
54
55
55
55
